Step 0:
 [[ 0  2  7  3]
 [10  5  1  4]
 [ 9 15  6 11]
 [13 14 12  8]]
Step 1:
 [[ 2  0  7  3]
 [10  5  1  4]
 [ 9 15  6 11]
 [13 14 12  8]]
Step 2:
 [[ 2  5  7  3]
 [10  0  1  4]
 [ 9 15  6 11]
 [13 14 12  8]]
Step 3:
 [[ 2  5  7  3]
 [ 0 10  1  4]
 [ 9 15  6 11]
 [13 14 12  8]]
Step 4:
 [[ 2  5  7  3]
 [ 9 10  1  4]
 [ 0 15  6 11]
 [13 14 12  8]]
Step 5:
 [[ 2  5  7  3]
 [ 9 10  1  4]
 [13 15  6 11]
 [ 0 14 12  8]]
Step 6:
 [[ 2  5  7  3]
 [ 9 10  1  4]
 [13 15  6 11]
 [14  0 12  8]]
Step 7:
 [[ 2  5  7  3]
 [ 9 10  1  4]
 [13  0  6 11]
 [14 15 12  8]]
Step 8:
 [[ 2  5  7  3]
 [ 9  0  1  4]
 [13 10  6 11]
 [14 15 12  8]]
Step 9:
 [[ 2  5  7  3]
 [ 9  1  0  4]
 [13 10  6 11]
 [14 15 12  8]]
Step 10:
 [[ 2  5  7  3]
 [ 9  1  6  4]
 [13 10  0 11]
 [14 15 12  8]]
Step 11:
 [[ 2  5  7  3]
 [ 9  1  6  4]
 [13 10 11  0]
 [14 15 12  8]]
Step 12:
 [[ 2  5  7  3]
 [ 9  1  6  4]
 [13 10 11  8]
 [14 15 12  0]]
Step 13:
 [[ 2  5  7  3]
 [ 9  1  6  4]
 [13 10 11  8]
 [14 15  0 12]]
Step 14:
 [[ 2  5  7  3]
 [ 9  1  6  4]
 [13 10 11  8]
 [14  0 15 12]]
Step 15:
 [[ 2  5  7  3]
 [ 9  1  6  4]
 [13 10 11  8]
 [ 0 14 15 12]]
Step 16:
 [[ 2  5  7  3]
 [ 9  1  6  4]
 [ 0 10 11  8]
 [13 14 15 12]]
Step 17:
 [[ 2  5  7  3]
 [ 0  1  6  4]
 [ 9 10 11  8]
 [13 14 15 12]]
Step 18:
 [[ 2  5  7  3]
 [ 1  0  6  4]
 [ 9 10 11  8]
 [13 14 15 12]]
Step 19:
 [[ 2  0  7  3]
 [ 1  5  6  4]
 [ 9 10 11  8]
 [13 14 15 12]]
Step 20:
 [[ 0  2  7  3]
 [ 1  5  6  4]
 [ 9 10 11  8]
 [13 14 15 12]]
Step 21:
 [[ 1  2  7  3]
 [ 0  5  6  4]
 [ 9 10 11  8]
 [13 14 15 12]]
Step 22:
 [[ 1  2  7  3]
 [ 5  0  6  4]
 [ 9 10 11  8]
 [13 14 15 12]]
Step 23:
 [[ 1  2  7  3]
 [ 5  6  0  4]
 [ 9 10 11  8]
 [13 14 15 12]]
Step 24:
 [[ 1  2  0  3]
 [ 5  6  7  4]
 [ 9 10 11  8]
 [13 14 15 12]]
Step 25:
 [[ 1  2  3  0]
 [ 5  6  7  4]
 [ 9 10 11  8]
 [13 14 15 12]]
Step 26:
 [[ 1  2  3  4]
 [ 5  6  7  0]
 [ 9 10 11  8]
 [13 14 15 12]]
Step 27:
 [[ 1  2  3  4]
 [ 5  6  7  8]
 [ 9 10 11  0]
 [13 14 15 12]]
Step 28:
 [[ 1  2  3  4]
 [ 5  6  7  8]
 [ 9 10 11 12]
 [13 14 15  0]]
Neural time 10.270027875900269; total step: 28 
