Step 0:
 [[ 5  7  1  3]
 [ 2  8 10  4]
 [13  9  0 12]
 [14 11  6 15]]
Step 1:
 [[ 5  7  1  3]
 [ 2  8 10  4]
 [13  9  6 12]
 [14 11  0 15]]
Step 2:
 [[ 5  7  1  3]
 [ 2  8 10  4]
 [13  9  6 12]
 [14  0 11 15]]
Step 3:
 [[ 5  7  1  3]
 [ 2  8 10  4]
 [13  9  6 12]
 [ 0 14 11 15]]
Step 4:
 [[ 5  7  1  3]
 [ 2  8 10  4]
 [ 0  9  6 12]
 [13 14 11 15]]
Step 5:
 [[ 5  7  1  3]
 [ 2  8 10  4]
 [ 9  0  6 12]
 [13 14 11 15]]
Step 6:
 [[ 5  7  1  3]
 [ 2  8 10  4]
 [ 9  6  0 12]
 [13 14 11 15]]
Step 7:
 [[ 5  7  1  3]
 [ 2  8  0  4]
 [ 9  6 10 12]
 [13 14 11 15]]
Step 8:
 [[ 5  7  1  3]
 [ 2  0  8  4]
 [ 9  6 10 12]
 [13 14 11 15]]
Step 9:
 [[ 5  0  1  3]
 [ 2  7  8  4]
 [ 9  6 10 12]
 [13 14 11 15]]
Step 10:
 [[ 5  1  0  3]
 [ 2  7  8  4]
 [ 9  6 10 12]
 [13 14 11 15]]
Step 11:
 [[ 5  1  3  0]
 [ 2  7  8  4]
 [ 9  6 10 12]
 [13 14 11 15]]
Step 12:
 [[ 5  1  3  4]
 [ 2  7  8  0]
 [ 9  6 10 12]
 [13 14 11 15]]
Step 13:
 [[ 5  1  3  4]
 [ 2  7  0  8]
 [ 9  6 10 12]
 [13 14 11 15]]
Step 14:
 [[ 5  1  3  4]
 [ 2  0  7  8]
 [ 9  6 10 12]
 [13 14 11 15]]
Step 15:
 [[ 5  1  3  4]
 [ 0  2  7  8]
 [ 9  6 10 12]
 [13 14 11 15]]
Step 16:
 [[ 0  1  3  4]
 [ 5  2  7  8]
 [ 9  6 10 12]
 [13 14 11 15]]
Step 17:
 [[ 1  0  3  4]
 [ 5  2  7  8]
 [ 9  6 10 12]
 [13 14 11 15]]
Step 18:
 [[ 1  2  3  4]
 [ 5  0  7  8]
 [ 9  6 10 12]
 [13 14 11 15]]
Step 19:
 [[ 1  2  3  4]
 [ 5  6  7  8]
 [ 9  0 10 12]
 [13 14 11 15]]
Step 20:
 [[ 1  2  3  4]
 [ 5  6  7  8]
 [ 9 10  0 12]
 [13 14 11 15]]
Step 21:
 [[ 1  2  3  4]
 [ 5  6  7  8]
 [ 9 10 11 12]
 [13 14  0 15]]
Step 22:
 [[ 1  2  3  4]
 [ 5  6  7  8]
 [ 9 10 11 12]
 [13 14 15  0]]
Neural time 0.08403992652893066; total step: 22 
