Step 0:
 [[ 5 11  1  3]
 [ 7 13  2  4]
 [14  6  0  8]
 [ 9 15 10 12]]
Step 1:
 [[ 5 11  1  3]
 [ 7 13  2  4]
 [14  6 10  8]
 [ 9 15  0 12]]
Step 2:
 [[ 5 11  1  3]
 [ 7 13  2  4]
 [14  6 10  8]
 [ 9  0 15 12]]
Step 3:
 [[ 5 11  1  3]
 [ 7 13  2  4]
 [14  6 10  8]
 [ 0  9 15 12]]
Step 4:
 [[ 5 11  1  3]
 [ 7 13  2  4]
 [ 0  6 10  8]
 [14  9 15 12]]
Step 5:
 [[ 5 11  1  3]
 [ 7 13  2  4]
 [ 6  0 10  8]
 [14  9 15 12]]
Step 6:
 [[ 5 11  1  3]
 [ 7  0  2  4]
 [ 6 13 10  8]
 [14  9 15 12]]
Step 7:
 [[ 5  0  1  3]
 [ 7 11  2  4]
 [ 6 13 10  8]
 [14  9 15 12]]
Step 8:
 [[ 5  1  0  3]
 [ 7 11  2  4]
 [ 6 13 10  8]
 [14  9 15 12]]
Step 9:
 [[ 5  1  2  3]
 [ 7 11  0  4]
 [ 6 13 10  8]
 [14  9 15 12]]
Step 10:
 [[ 5  1  2  3]
 [ 7  0 11  4]
 [ 6 13 10  8]
 [14  9 15 12]]
Step 11:
 [[ 5  1  2  3]
 [ 0  7 11  4]
 [ 6 13 10  8]
 [14  9 15 12]]
Step 12:
 [[ 5  1  2  3]
 [ 6  7 11  4]
 [ 0 13 10  8]
 [14  9 15 12]]
Step 13:
 [[ 5  1  2  3]
 [ 6  7 11  4]
 [13  0 10  8]
 [14  9 15 12]]
Step 14:
 [[ 5  1  2  3]
 [ 6  7 11  4]
 [13  9 10  8]
 [14  0 15 12]]
Step 15:
 [[ 5  1  2  3]
 [ 6  7 11  4]
 [13  9 10  8]
 [ 0 14 15 12]]
Step 16:
 [[ 5  1  2  3]
 [ 6  7 11  4]
 [ 0  9 10  8]
 [13 14 15 12]]
Step 17:
 [[ 5  1  2  3]
 [ 6  7 11  4]
 [ 9  0 10  8]
 [13 14 15 12]]
Step 18:
 [[ 5  1  2  3]
 [ 6  7 11  4]
 [ 9 10  0  8]
 [13 14 15 12]]
Step 19:
 [[ 5  1  2  3]
 [ 6  7  0  4]
 [ 9 10 11  8]
 [13 14 15 12]]
Step 20:
 [[ 5  1  2  3]
 [ 6  0  7  4]
 [ 9 10 11  8]
 [13 14 15 12]]
Step 21:
 [[ 5  1  2  3]
 [ 0  6  7  4]
 [ 9 10 11  8]
 [13 14 15 12]]
Step 22:
 [[ 0  1  2  3]
 [ 5  6  7  4]
 [ 9 10 11  8]
 [13 14 15 12]]
Step 23:
 [[ 1  0  2  3]
 [ 5  6  7  4]
 [ 9 10 11  8]
 [13 14 15 12]]
Step 24:
 [[ 1  2  0  3]
 [ 5  6  7  4]
 [ 9 10 11  8]
 [13 14 15 12]]
Step 25:
 [[ 1  2  3  0]
 [ 5  6  7  4]
 [ 9 10 11  8]
 [13 14 15 12]]
Step 26:
 [[ 1  2  3  4]
 [ 5  6  7  0]
 [ 9 10 11  8]
 [13 14 15 12]]
Step 27:
 [[ 1  2  3  4]
 [ 5  6  7  8]
 [ 9 10 11  0]
 [13 14 15 12]]
Step 28:
 [[ 1  2  3  4]
 [ 5  6  7  8]
 [ 9 10 11 12]
 [13 14 15  0]]
Neural time 16.063345909118652; total step: 28 
