Step 0:
 [[ 1  3  4  8]
 [ 5  7 12  0]
 [ 9 10  2 15]
 [13 14  6 11]]
Step 1:
 [[ 1  3  4  8]
 [ 5  7  0 12]
 [ 9 10  2 15]
 [13 14  6 11]]
Step 2:
 [[ 1  3  4  8]
 [ 5  7  2 12]
 [ 9 10  0 15]
 [13 14  6 11]]
Step 3:
 [[ 1  3  4  8]
 [ 5  7  2 12]
 [ 9 10  6 15]
 [13 14  0 11]]
Step 4:
 [[ 1  3  4  8]
 [ 5  7  2 12]
 [ 9 10  6 15]
 [13  0 14 11]]
Step 5:
 [[ 1  3  4  8]
 [ 5  7  2 12]
 [ 9  0  6 15]
 [13 10 14 11]]
Step 6:
 [[ 1  3  4  8]
 [ 5  0  2 12]
 [ 9  7  6 15]
 [13 10 14 11]]
Step 7:
 [[ 1  3  4  8]
 [ 5  2  0 12]
 [ 9  7  6 15]
 [13 10 14 11]]
Step 8:
 [[ 1  3  4  8]
 [ 5  2  6 12]
 [ 9  7  0 15]
 [13 10 14 11]]
Step 9:
 [[ 1  3  4  8]
 [ 5  2  6 12]
 [ 9  0  7 15]
 [13 10 14 11]]
Step 10:
 [[ 1  3  4  8]
 [ 5  2  6 12]
 [ 9 10  7 15]
 [13  0 14 11]]
Step 11:
 [[ 1  3  4  8]
 [ 5  2  6 12]
 [ 9 10  7 15]
 [13 14  0 11]]
Step 12:
 [[ 1  3  4  8]
 [ 5  2  6 12]
 [ 9 10  7 15]
 [13 14 11  0]]
Step 13:
 [[ 1  3  4  8]
 [ 5  2  6 12]
 [ 9 10  7  0]
 [13 14 11 15]]
Step 14:
 [[ 1  3  4  8]
 [ 5  2  6  0]
 [ 9 10  7 12]
 [13 14 11 15]]
Step 15:
 [[ 1  3  4  0]
 [ 5  2  6  8]
 [ 9 10  7 12]
 [13 14 11 15]]
Step 16:
 [[ 1  3  0  4]
 [ 5  2  6  8]
 [ 9 10  7 12]
 [13 14 11 15]]
Step 17:
 [[ 1  0  3  4]
 [ 5  2  6  8]
 [ 9 10  7 12]
 [13 14 11 15]]
Step 18:
 [[ 1  2  3  4]
 [ 5  0  6  8]
 [ 9 10  7 12]
 [13 14 11 15]]
Step 19:
 [[ 1  2  3  4]
 [ 5  6  0  8]
 [ 9 10  7 12]
 [13 14 11 15]]
Step 20:
 [[ 1  2  3  4]
 [ 5  6  7  8]
 [ 9 10  0 12]
 [13 14 11 15]]
Step 21:
 [[ 1  2  3  4]
 [ 5  6  7  8]
 [ 9 10 11 12]
 [13 14  0 15]]
Step 22:
 [[ 1  2  3  4]
 [ 5  6  7  8]
 [ 9 10 11 12]
 [13 14 15  0]]
Neural time 5.468057155609131; total step: 22 
