Step 0:
 [[ 1  3  4  8]
 [ 6 13 10 12]
 [ 2  7  0 11]
 [ 5  9 14 15]]
Step 1:
 [[ 1  3  4  8]
 [ 6 13 10 12]
 [ 2  0  7 11]
 [ 5  9 14 15]]
Step 2:
 [[ 1  3  4  8]
 [ 6  0 10 12]
 [ 2 13  7 11]
 [ 5  9 14 15]]
Step 3:
 [[ 1  3  4  8]
 [ 6 10  0 12]
 [ 2 13  7 11]
 [ 5  9 14 15]]
Step 4:
 [[ 1  3  4  8]
 [ 6 10  7 12]
 [ 2 13  0 11]
 [ 5  9 14 15]]
Step 5:
 [[ 1  3  4  8]
 [ 6 10  7 12]
 [ 2 13 11  0]
 [ 5  9 14 15]]
Step 6:
 [[ 1  3  4  8]
 [ 6 10  7  0]
 [ 2 13 11 12]
 [ 5  9 14 15]]
Step 7:
 [[ 1  3  4  0]
 [ 6 10  7  8]
 [ 2 13 11 12]
 [ 5  9 14 15]]
Step 8:
 [[ 1  3  0  4]
 [ 6 10  7  8]
 [ 2 13 11 12]
 [ 5  9 14 15]]
Step 9:
 [[ 1  0  3  4]
 [ 6 10  7  8]
 [ 2 13 11 12]
 [ 5  9 14 15]]
Step 10:
 [[ 0  1  3  4]
 [ 6 10  7  8]
 [ 2 13 11 12]
 [ 5  9 14 15]]
Step 11:
 [[ 6  1  3  4]
 [ 0 10  7  8]
 [ 2 13 11 12]
 [ 5  9 14 15]]
Step 12:
 [[ 6  1  3  4]
 [ 2 10  7  8]
 [ 0 13 11 12]
 [ 5  9 14 15]]
Step 13:
 [[ 6  1  3  4]
 [ 2 10  7  8]
 [ 5 13 11 12]
 [ 0  9 14 15]]
Step 14:
 [[ 6  1  3  4]
 [ 2 10  7  8]
 [ 5 13 11 12]
 [ 9  0 14 15]]
Step 15:
 [[ 6  1  3  4]
 [ 2 10  7  8]
 [ 5  0 11 12]
 [ 9 13 14 15]]
Step 16:
 [[ 6  1  3  4]
 [ 2  0  7  8]
 [ 5 10 11 12]
 [ 9 13 14 15]]
Step 17:
 [[ 6  1  3  4]
 [ 0  2  7  8]
 [ 5 10 11 12]
 [ 9 13 14 15]]
Step 18:
 [[ 0  1  3  4]
 [ 6  2  7  8]
 [ 5 10 11 12]
 [ 9 13 14 15]]
Step 19:
 [[ 1  0  3  4]
 [ 6  2  7  8]
 [ 5 10 11 12]
 [ 9 13 14 15]]
Step 20:
 [[ 1  2  3  4]
 [ 6  0  7  8]
 [ 5 10 11 12]
 [ 9 13 14 15]]
Step 21:
 [[ 1  2  3  4]
 [ 0  6  7  8]
 [ 5 10 11 12]
 [ 9 13 14 15]]
Step 22:
 [[ 1  2  3  4]
 [ 5  6  7  8]
 [ 0 10 11 12]
 [ 9 13 14 15]]
Step 23:
 [[ 1  2  3  4]
 [ 5  6  7  8]
 [ 9 10 11 12]
 [ 0 13 14 15]]
Step 24:
 [[ 1  2  3  4]
 [ 5  6  7  8]
 [ 9 10 11 12]
 [13  0 14 15]]
Step 25:
 [[ 1  2  3  4]
 [ 5  6  7  8]
 [ 9 10 11 12]
 [13 14  0 15]]
Step 26:
 [[ 1  2  3  4]
 [ 5  6  7  8]
 [ 9 10 11 12]
 [13 14 15  0]]
Neural time 0.6949901580810547; total step: 26 
