Step 0:
 [[ 6  2  7  3]
 [ 1  5  4  8]
 [ 9 14 10 15]
 [13 12 11  0]]
Step 1:
 [[ 6  2  7  3]
 [ 1  5  4  8]
 [ 9 14 10 15]
 [13 12  0 11]]
Step 2:
 [[ 6  2  7  3]
 [ 1  5  4  8]
 [ 9 14 10 15]
 [13  0 12 11]]
Step 3:
 [[ 6  2  7  3]
 [ 1  5  4  8]
 [ 9  0 10 15]
 [13 14 12 11]]
Step 4:
 [[ 6  2  7  3]
 [ 1  5  4  8]
 [ 9 10  0 15]
 [13 14 12 11]]
Step 5:
 [[ 6  2  7  3]
 [ 1  5  4  8]
 [ 9 10 15  0]
 [13 14 12 11]]
Step 6:
 [[ 6  2  7  3]
 [ 1  5  4  0]
 [ 9 10 15  8]
 [13 14 12 11]]
Step 7:
 [[ 6  2  7  3]
 [ 1  5  0  4]
 [ 9 10 15  8]
 [13 14 12 11]]
Step 8:
 [[ 6  2  0  3]
 [ 1  5  7  4]
 [ 9 10 15  8]
 [13 14 12 11]]
Step 9:
 [[ 6  0  2  3]
 [ 1  5  7  4]
 [ 9 10 15  8]
 [13 14 12 11]]
Step 10:
 [[ 0  6  2  3]
 [ 1  5  7  4]
 [ 9 10 15  8]
 [13 14 12 11]]
Step 11:
 [[ 1  6  2  3]
 [ 0  5  7  4]
 [ 9 10 15  8]
 [13 14 12 11]]
Step 12:
 [[ 1  6  2  3]
 [ 5  0  7  4]
 [ 9 10 15  8]
 [13 14 12 11]]
Step 13:
 [[ 1  0  2  3]
 [ 5  6  7  4]
 [ 9 10 15  8]
 [13 14 12 11]]
Step 14:
 [[ 1  2  0  3]
 [ 5  6  7  4]
 [ 9 10 15  8]
 [13 14 12 11]]
Step 15:
 [[ 1  2  3  0]
 [ 5  6  7  4]
 [ 9 10 15  8]
 [13 14 12 11]]
Step 16:
 [[ 1  2  3  4]
 [ 5  6  7  0]
 [ 9 10 15  8]
 [13 14 12 11]]
Step 17:
 [[ 1  2  3  4]
 [ 5  6  7  8]
 [ 9 10 15  0]
 [13 14 12 11]]
Step 18:
 [[ 1  2  3  4]
 [ 5  6  7  8]
 [ 9 10 15 11]
 [13 14 12  0]]
Step 19:
 [[ 1  2  3  4]
 [ 5  6  7  8]
 [ 9 10 15 11]
 [13 14  0 12]]
Step 20:
 [[ 1  2  3  4]
 [ 5  6  7  8]
 [ 9 10  0 11]
 [13 14 15 12]]
Step 21:
 [[ 1  2  3  4]
 [ 5  6  7  8]
 [ 9 10 11  0]
 [13 14 15 12]]
Step 22:
 [[ 1  2  3  4]
 [ 5  6  7  8]
 [ 9 10 11 12]
 [13 14 15  0]]
Neural time 0.19435811042785645; total step: 22 
