Step 0:
 [[ 1  6  2  7]
 [ 5 10  4  3]
 [15 12  8 11]
 [14  9 13  0]]
Step 1:
 [[ 1  6  2  7]
 [ 5 10  4  3]
 [15 12  8  0]
 [14  9 13 11]]
Step 2:
 [[ 1  6  2  7]
 [ 5 10  4  3]
 [15 12  0  8]
 [14  9 13 11]]
Step 3:
 [[ 1  6  2  7]
 [ 5 10  4  3]
 [15  0 12  8]
 [14  9 13 11]]
Step 4:
 [[ 1  6  2  7]
 [ 5 10  4  3]
 [ 0 15 12  8]
 [14  9 13 11]]
Step 5:
 [[ 1  6  2  7]
 [ 5 10  4  3]
 [14 15 12  8]
 [ 0  9 13 11]]
Step 6:
 [[ 1  6  2  7]
 [ 5 10  4  3]
 [14 15 12  8]
 [ 9  0 13 11]]
Step 7:
 [[ 1  6  2  7]
 [ 5 10  4  3]
 [14 15 12  8]
 [ 9 13  0 11]]
Step 8:
 [[ 1  6  2  7]
 [ 5 10  4  3]
 [14 15  0  8]
 [ 9 13 12 11]]
Step 9:
 [[ 1  6  2  7]
 [ 5 10  4  3]
 [14  0 15  8]
 [ 9 13 12 11]]
Step 10:
 [[ 1  6  2  7]
 [ 5 10  4  3]
 [ 0 14 15  8]
 [ 9 13 12 11]]
Step 11:
 [[ 1  6  2  7]
 [ 5 10  4  3]
 [ 9 14 15  8]
 [ 0 13 12 11]]
Step 12:
 [[ 1  6  2  7]
 [ 5 10  4  3]
 [ 9 14 15  8]
 [13  0 12 11]]
Step 13:
 [[ 1  6  2  7]
 [ 5 10  4  3]
 [ 9  0 15  8]
 [13 14 12 11]]
Step 14:
 [[ 1  6  2  7]
 [ 5  0  4  3]
 [ 9 10 15  8]
 [13 14 12 11]]
Step 15:
 [[ 1  0  2  7]
 [ 5  6  4  3]
 [ 9 10 15  8]
 [13 14 12 11]]
Step 16:
 [[ 1  2  0  7]
 [ 5  6  4  3]
 [ 9 10 15  8]
 [13 14 12 11]]
Step 17:
 [[ 1  2  7  0]
 [ 5  6  4  3]
 [ 9 10 15  8]
 [13 14 12 11]]
Step 18:
 [[ 1  2  7  3]
 [ 5  6  4  0]
 [ 9 10 15  8]
 [13 14 12 11]]
Step 19:
 [[ 1  2  7  3]
 [ 5  6  0  4]
 [ 9 10 15  8]
 [13 14 12 11]]
Step 20:
 [[ 1  2  0  3]
 [ 5  6  7  4]
 [ 9 10 15  8]
 [13 14 12 11]]
Step 21:
 [[ 1  2  3  0]
 [ 5  6  7  4]
 [ 9 10 15  8]
 [13 14 12 11]]
Step 22:
 [[ 1  2  3  4]
 [ 5  6  7  0]
 [ 9 10 15  8]
 [13 14 12 11]]
Step 23:
 [[ 1  2  3  4]
 [ 5  6  7  8]
 [ 9 10 15  0]
 [13 14 12 11]]
Step 24:
 [[ 1  2  3  4]
 [ 5  6  7  8]
 [ 9 10 15 11]
 [13 14 12  0]]
Step 25:
 [[ 1  2  3  4]
 [ 5  6  7  8]
 [ 9 10 15 11]
 [13 14  0 12]]
Step 26:
 [[ 1  2  3  4]
 [ 5  6  7  8]
 [ 9 10  0 11]
 [13 14 15 12]]
Step 27:
 [[ 1  2  3  4]
 [ 5  6  7  8]
 [ 9 10 11  0]
 [13 14 15 12]]
Step 28:
 [[ 1  2  3  4]
 [ 5  6  7  8]
 [ 9 10 11 12]
 [13 14 15  0]]
Neural time 0.21909809112548828; total step: 28 
