Step 0:
 [[ 5  1  0  6]
 [ 9 10  7  2]
 [13 11 15  3]
 [14 12  8  4]]
Step 1:
 [[ 5  1  6  0]
 [ 9 10  7  2]
 [13 11 15  3]
 [14 12  8  4]]
Step 2:
 [[ 5  1  6  2]
 [ 9 10  7  0]
 [13 11 15  3]
 [14 12  8  4]]
Step 3:
 [[ 5  1  6  2]
 [ 9 10  7  3]
 [13 11 15  0]
 [14 12  8  4]]
Step 4:
 [[ 5  1  6  2]
 [ 9 10  7  3]
 [13 11 15  4]
 [14 12  8  0]]
Step 5:
 [[ 5  1  6  2]
 [ 9 10  7  3]
 [13 11 15  4]
 [14 12  0  8]]
Step 6:
 [[ 5  1  6  2]
 [ 9 10  7  3]
 [13 11 15  4]
 [14  0 12  8]]
Step 7:
 [[ 5  1  6  2]
 [ 9 10  7  3]
 [13 11 15  4]
 [ 0 14 12  8]]
Step 8:
 [[ 5  1  6  2]
 [ 9 10  7  3]
 [ 0 11 15  4]
 [13 14 12  8]]
Step 9:
 [[ 5  1  6  2]
 [ 0 10  7  3]
 [ 9 11 15  4]
 [13 14 12  8]]
Step 10:
 [[ 0  1  6  2]
 [ 5 10  7  3]
 [ 9 11 15  4]
 [13 14 12  8]]
Step 11:
 [[ 1  0  6  2]
 [ 5 10  7  3]
 [ 9 11 15  4]
 [13 14 12  8]]
Step 12:
 [[ 1  6  0  2]
 [ 5 10  7  3]
 [ 9 11 15  4]
 [13 14 12  8]]
Step 13:
 [[ 1  6  2  0]
 [ 5 10  7  3]
 [ 9 11 15  4]
 [13 14 12  8]]
Step 14:
 [[ 1  6  2  3]
 [ 5 10  7  0]
 [ 9 11 15  4]
 [13 14 12  8]]
Step 15:
 [[ 1  6  2  3]
 [ 5 10  7  4]
 [ 9 11 15  0]
 [13 14 12  8]]
Step 16:
 [[ 1  6  2  3]
 [ 5 10  7  4]
 [ 9 11 15  8]
 [13 14 12  0]]
Step 17:
 [[ 1  6  2  3]
 [ 5 10  7  4]
 [ 9 11 15  8]
 [13 14  0 12]]
Step 18:
 [[ 1  6  2  3]
 [ 5 10  7  4]
 [ 9 11  0  8]
 [13 14 15 12]]
Step 19:
 [[ 1  6  2  3]
 [ 5 10  7  4]
 [ 9  0 11  8]
 [13 14 15 12]]
Step 20:
 [[ 1  6  2  3]
 [ 5  0  7  4]
 [ 9 10 11  8]
 [13 14 15 12]]
Step 21:
 [[ 1  0  2  3]
 [ 5  6  7  4]
 [ 9 10 11  8]
 [13 14 15 12]]
Step 22:
 [[ 1  2  0  3]
 [ 5  6  7  4]
 [ 9 10 11  8]
 [13 14 15 12]]
Step 23:
 [[ 1  2  3  0]
 [ 5  6  7  4]
 [ 9 10 11  8]
 [13 14 15 12]]
Step 24:
 [[ 1  2  3  4]
 [ 5  6  7  0]
 [ 9 10 11  8]
 [13 14 15 12]]
Step 25:
 [[ 1  2  3  4]
 [ 5  6  7  8]
 [ 9 10 11  0]
 [13 14 15 12]]
Step 26:
 [[ 1  2  3  4]
 [ 5  6  7  8]
 [ 9 10 11 12]
 [13 14 15  0]]
Neural time 0.08809185028076172; total step: 26 
