Step 0:
 [[10  5  1  3]
 [ 6 12  7  4]
 [ 0  2 15 11]
 [ 9 13 14  8]]
Step 1:
 [[10  5  1  3]
 [ 0 12  7  4]
 [ 6  2 15 11]
 [ 9 13 14  8]]
Step 2:
 [[ 0  5  1  3]
 [10 12  7  4]
 [ 6  2 15 11]
 [ 9 13 14  8]]
Step 3:
 [[ 5  0  1  3]
 [10 12  7  4]
 [ 6  2 15 11]
 [ 9 13 14  8]]
Step 4:
 [[ 5  1  0  3]
 [10 12  7  4]
 [ 6  2 15 11]
 [ 9 13 14  8]]
Step 5:
 [[ 5  1  7  3]
 [10 12  0  4]
 [ 6  2 15 11]
 [ 9 13 14  8]]
Step 6:
 [[ 5  1  7  3]
 [10  0 12  4]
 [ 6  2 15 11]
 [ 9 13 14  8]]
Step 7:
 [[ 5  1  7  3]
 [10  2 12  4]
 [ 6  0 15 11]
 [ 9 13 14  8]]
Step 8:
 [[ 5  1  7  3]
 [10  2 12  4]
 [ 0  6 15 11]
 [ 9 13 14  8]]
Step 9:
 [[ 5  1  7  3]
 [ 0  2 12  4]
 [10  6 15 11]
 [ 9 13 14  8]]
Step 10:
 [[ 0  1  7  3]
 [ 5  2 12  4]
 [10  6 15 11]
 [ 9 13 14  8]]
Step 11:
 [[ 1  0  7  3]
 [ 5  2 12  4]
 [10  6 15 11]
 [ 9 13 14  8]]
Step 12:
 [[ 1  2  7  3]
 [ 5  0 12  4]
 [10  6 15 11]
 [ 9 13 14  8]]
Step 13:
 [[ 1  2  7  3]
 [ 5  6 12  4]
 [10  0 15 11]
 [ 9 13 14  8]]
Step 14:
 [[ 1  2  7  3]
 [ 5  6 12  4]
 [ 0 10 15 11]
 [ 9 13 14  8]]
Step 15:
 [[ 1  2  7  3]
 [ 5  6 12  4]
 [ 9 10 15 11]
 [ 0 13 14  8]]
Step 16:
 [[ 1  2  7  3]
 [ 5  6 12  4]
 [ 9 10 15 11]
 [13  0 14  8]]
Step 17:
 [[ 1  2  7  3]
 [ 5  6 12  4]
 [ 9 10 15 11]
 [13 14  0  8]]
Step 18:
 [[ 1  2  7  3]
 [ 5  6 12  4]
 [ 9 10  0 11]
 [13 14 15  8]]
Step 19:
 [[ 1  2  7  3]
 [ 5  6 12  4]
 [ 9 10 11  0]
 [13 14 15  8]]
Step 20:
 [[ 1  2  7  3]
 [ 5  6 12  4]
 [ 9 10 11  8]
 [13 14 15  0]]
Step 21:
 [[ 1  2  7  3]
 [ 5  6 12  4]
 [ 9 10 11  8]
 [13 14  0 15]]
Step 22:
 [[ 1  2  7  3]
 [ 5  6 12  4]
 [ 9 10  0  8]
 [13 14 11 15]]
Step 23:
 [[ 1  2  7  3]
 [ 5  6  0  4]
 [ 9 10 12  8]
 [13 14 11 15]]
Step 24:
 [[ 1  2  0  3]
 [ 5  6  7  4]
 [ 9 10 12  8]
 [13 14 11 15]]
Step 25:
 [[ 1  2  3  0]
 [ 5  6  7  4]
 [ 9 10 12  8]
 [13 14 11 15]]
Step 26:
 [[ 1  2  3  4]
 [ 5  6  7  0]
 [ 9 10 12  8]
 [13 14 11 15]]
Step 27:
 [[ 1  2  3  4]
 [ 5  6  7  8]
 [ 9 10 12  0]
 [13 14 11 15]]
Step 28:
 [[ 1  2  3  4]
 [ 5  6  7  8]
 [ 9 10  0 12]
 [13 14 11 15]]
Step 29:
 [[ 1  2  3  4]
 [ 5  6  7  8]
 [ 9 10 11 12]
 [13 14  0 15]]
Step 30:
 [[ 1  2  3  4]
 [ 5  6  7  8]
 [ 9 10 11 12]
 [13 14 15  0]]
Neural time 0.739997148513794; total step: 30 
