Step 0:
 [[ 1  4  0 11]
 [ 2  3  8  7]
 [13  6  5  9]
 [14 15 10 12]]
Step 1:
 [[ 1  0  4 11]
 [ 2  3  8  7]
 [13  6  5  9]
 [14 15 10 12]]
Step 2:
 [[ 1  3  4 11]
 [ 2  0  8  7]
 [13  6  5  9]
 [14 15 10 12]]
Step 3:
 [[ 1  3  4 11]
 [ 0  2  8  7]
 [13  6  5  9]
 [14 15 10 12]]
Step 4:
 [[ 1  3  4 11]
 [13  2  8  7]
 [ 0  6  5  9]
 [14 15 10 12]]
Step 5:
 [[ 1  3  4 11]
 [13  2  8  7]
 [ 6  0  5  9]
 [14 15 10 12]]
Step 6:
 [[ 1  3  4 11]
 [13  2  8  7]
 [ 6  5  0  9]
 [14 15 10 12]]
Step 7:
 [[ 1  3  4 11]
 [13  2  8  7]
 [ 6  5  9  0]
 [14 15 10 12]]
Step 8:
 [[ 1  3  4 11]
 [13  2  8  0]
 [ 6  5  9  7]
 [14 15 10 12]]
Step 9:
 [[ 1  3  4  0]
 [13  2  8 11]
 [ 6  5  9  7]
 [14 15 10 12]]
Step 10:
 [[ 1  3  0  4]
 [13  2  8 11]
 [ 6  5  9  7]
 [14 15 10 12]]
Step 11:
 [[ 1  0  3  4]
 [13  2  8 11]
 [ 6  5  9  7]
 [14 15 10 12]]
Step 12:
 [[ 1  2  3  4]
 [13  0  8 11]
 [ 6  5  9  7]
 [14 15 10 12]]
Step 13:
 [[ 1  2  3  4]
 [13  5  8 11]
 [ 6  0  9  7]
 [14 15 10 12]]
Step 14:
 [[ 1  2  3  4]
 [13  5  8 11]
 [ 0  6  9  7]
 [14 15 10 12]]
Step 15:
 [[ 1  2  3  4]
 [ 0  5  8 11]
 [13  6  9  7]
 [14 15 10 12]]
Step 16:
 [[ 1  2  3  4]
 [ 5  0  8 11]
 [13  6  9  7]
 [14 15 10 12]]
Step 17:
 [[ 1  2  3  4]
 [ 5  6  8 11]
 [13  0  9  7]
 [14 15 10 12]]
Step 18:
 [[ 1  2  3  4]
 [ 5  6  8 11]
 [13  9  0  7]
 [14 15 10 12]]
Step 19:
 [[ 1  2  3  4]
 [ 5  6  8 11]
 [13  9 10  7]
 [14 15  0 12]]
Step 20:
 [[ 1  2  3  4]
 [ 5  6  8 11]
 [13  9 10  7]
 [14  0 15 12]]
Step 21:
 [[ 1  2  3  4]
 [ 5  6  8 11]
 [13  9 10  7]
 [ 0 14 15 12]]
Step 22:
 [[ 1  2  3  4]
 [ 5  6  8 11]
 [ 0  9 10  7]
 [13 14 15 12]]
Step 23:
 [[ 1  2  3  4]
 [ 5  6  8 11]
 [ 9  0 10  7]
 [13 14 15 12]]
Step 24:
 [[ 1  2  3  4]
 [ 5  6  8 11]
 [ 9 10  0  7]
 [13 14 15 12]]
Step 25:
 [[ 1  2  3  4]
 [ 5  6  8 11]
 [ 9 10  7  0]
 [13 14 15 12]]
Step 26:
 [[ 1  2  3  4]
 [ 5  6  8  0]
 [ 9 10  7 11]
 [13 14 15 12]]
Step 27:
 [[ 1  2  3  4]
 [ 5  6  0  8]
 [ 9 10  7 11]
 [13 14 15 12]]
Step 28:
 [[ 1  2  3  4]
 [ 5  6  7  8]
 [ 9 10  0 11]
 [13 14 15 12]]
Step 29:
 [[ 1  2  3  4]
 [ 5  6  7  8]
 [ 9 10 11  0]
 [13 14 15 12]]
Step 30:
 [[ 1  2  3  4]
 [ 5  6  7  8]
 [ 9 10 11 12]
 [13 14 15  0]]
Neural time 7.0090491771698; total step: 30 
