Step 0:
 [[ 1  7  6  3]
 [ 9  2 15 11]
 [13 12  4  0]
 [ 5 10 14  8]]
Step 1:
 [[ 1  7  6  3]
 [ 9  2 15 11]
 [13 12  0  4]
 [ 5 10 14  8]]
Step 2:
 [[ 1  7  6  3]
 [ 9  2 15 11]
 [13  0 12  4]
 [ 5 10 14  8]]
Step 3:
 [[ 1  7  6  3]
 [ 9  2 15 11]
 [13 10 12  4]
 [ 5  0 14  8]]
Step 4:
 [[ 1  7  6  3]
 [ 9  2 15 11]
 [13 10 12  4]
 [ 0  5 14  8]]
Step 5:
 [[ 1  7  6  3]
 [ 9  2 15 11]
 [ 0 10 12  4]
 [13  5 14  8]]
Step 6:
 [[ 1  7  6  3]
 [ 9  2 15 11]
 [10  0 12  4]
 [13  5 14  8]]
Step 7:
 [[ 1  7  6  3]
 [ 9  2 15 11]
 [10  5 12  4]
 [13  0 14  8]]
Step 8:
 [[ 1  7  6  3]
 [ 9  2 15 11]
 [10  5 12  4]
 [13 14  0  8]]
Step 9:
 [[ 1  7  6  3]
 [ 9  2 15 11]
 [10  5  0  4]
 [13 14 12  8]]
Step 10:
 [[ 1  7  6  3]
 [ 9  2  0 11]
 [10  5 15  4]
 [13 14 12  8]]
Step 11:
 [[ 1  7  0  3]
 [ 9  2  6 11]
 [10  5 15  4]
 [13 14 12  8]]
Step 12:
 [[ 1  0  7  3]
 [ 9  2  6 11]
 [10  5 15  4]
 [13 14 12  8]]
Step 13:
 [[ 1  2  7  3]
 [ 9  0  6 11]
 [10  5 15  4]
 [13 14 12  8]]
Step 14:
 [[ 1  2  7  3]
 [ 9  5  6 11]
 [10  0 15  4]
 [13 14 12  8]]
Step 15:
 [[ 1  2  7  3]
 [ 9  5  6 11]
 [ 0 10 15  4]
 [13 14 12  8]]
Step 16:
 [[ 1  2  7  3]
 [ 0  5  6 11]
 [ 9 10 15  4]
 [13 14 12  8]]
Step 17:
 [[ 1  2  7  3]
 [ 5  0  6 11]
 [ 9 10 15  4]
 [13 14 12  8]]
Step 18:
 [[ 1  2  7  3]
 [ 5  6  0 11]
 [ 9 10 15  4]
 [13 14 12  8]]
Step 19:
 [[ 1  2  7  3]
 [ 5  6 11  0]
 [ 9 10 15  4]
 [13 14 12  8]]
Step 20:
 [[ 1  2  7  3]
 [ 5  6 11  4]
 [ 9 10 15  0]
 [13 14 12  8]]
Step 21:
 [[ 1  2  7  3]
 [ 5  6 11  4]
 [ 9 10 15  8]
 [13 14 12  0]]
Step 22:
 [[ 1  2  7  3]
 [ 5  6 11  4]
 [ 9 10 15  8]
 [13 14  0 12]]
Step 23:
 [[ 1  2  7  3]
 [ 5  6 11  4]
 [ 9 10  0  8]
 [13 14 15 12]]
Step 24:
 [[ 1  2  7  3]
 [ 5  6  0  4]
 [ 9 10 11  8]
 [13 14 15 12]]
Step 25:
 [[ 1  2  0  3]
 [ 5  6  7  4]
 [ 9 10 11  8]
 [13 14 15 12]]
Step 26:
 [[ 1  2  3  0]
 [ 5  6  7  4]
 [ 9 10 11  8]
 [13 14 15 12]]
Step 27:
 [[ 1  2  3  4]
 [ 5  6  7  0]
 [ 9 10 11  8]
 [13 14 15 12]]
Step 28:
 [[ 1  2  3  4]
 [ 5  6  7  8]
 [ 9 10 11  0]
 [13 14 15 12]]
Step 29:
 [[ 1  2  3  4]
 [ 5  6  7  8]
 [ 9 10 11 12]
 [13 14 15  0]]
Neural time 1.0617163181304932; total step: 29 
