Step 0:
 [[ 1  6  2  4]
 [ 5  0  3  8]
 [ 9 10  7 12]
 [11 13 14 15]]
Step 1:
 [[ 1  6  2  4]
 [ 0  5  3  8]
 [ 9 10  7 12]
 [11 13 14 15]]
Step 2:
 [[ 1  6  2  4]
 [ 9  5  3  8]
 [ 0 10  7 12]
 [11 13 14 15]]
Step 3:
 [[ 1  6  2  4]
 [ 9  5  3  8]
 [11 10  7 12]
 [ 0 13 14 15]]
Step 4:
 [[ 1  6  2  4]
 [ 9  5  3  8]
 [11 10  7 12]
 [13  0 14 15]]
Step 5:
 [[ 1  6  2  4]
 [ 9  5  3  8]
 [11  0  7 12]
 [13 10 14 15]]
Step 6:
 [[ 1  6  2  4]
 [ 9  5  3  8]
 [ 0 11  7 12]
 [13 10 14 15]]
Step 7:
 [[ 1  6  2  4]
 [ 0  5  3  8]
 [ 9 11  7 12]
 [13 10 14 15]]
Step 8:
 [[ 1  6  2  4]
 [ 5  0  3  8]
 [ 9 11  7 12]
 [13 10 14 15]]
Step 9:
 [[ 1  0  2  4]
 [ 5  6  3  8]
 [ 9 11  7 12]
 [13 10 14 15]]
Step 10:
 [[ 1  2  0  4]
 [ 5  6  3  8]
 [ 9 11  7 12]
 [13 10 14 15]]
Step 11:
 [[ 1  2  3  4]
 [ 5  6  0  8]
 [ 9 11  7 12]
 [13 10 14 15]]
Step 12:
 [[ 1  2  3  4]
 [ 5  6  7  8]
 [ 9 11  0 12]
 [13 10 14 15]]
Step 13:
 [[ 1  2  3  4]
 [ 5  6  7  8]
 [ 9  0 11 12]
 [13 10 14 15]]
Step 14:
 [[ 1  2  3  4]
 [ 5  6  7  8]
 [ 9 10 11 12]
 [13  0 14 15]]
Step 15:
 [[ 1  2  3  4]
 [ 5  6  7  8]
 [ 9 10 11 12]
 [13 14  0 15]]
Step 16:
 [[ 1  2  3  4]
 [ 5  6  7  8]
 [ 9 10 11 12]
 [13 14 15  0]]
Neural time 0.10607504844665527; total step: 16 
