Step 0:
 [[ 5  7  0  1]
 [ 2  6  3  4]
 [14 11 12  8]
 [ 9 10 13 15]]
Step 1:
 [[ 5  7  1  0]
 [ 2  6  3  4]
 [14 11 12  8]
 [ 9 10 13 15]]
Step 2:
 [[ 5  7  1  4]
 [ 2  6  3  0]
 [14 11 12  8]
 [ 9 10 13 15]]
Step 3:
 [[ 5  7  1  4]
 [ 2  6  3  8]
 [14 11 12  0]
 [ 9 10 13 15]]
Step 4:
 [[ 5  7  1  4]
 [ 2  6  3  8]
 [14 11  0 12]
 [ 9 10 13 15]]
Step 5:
 [[ 5  7  1  4]
 [ 2  6  3  8]
 [14  0 11 12]
 [ 9 10 13 15]]
Step 6:
 [[ 5  7  1  4]
 [ 2  0  3  8]
 [14  6 11 12]
 [ 9 10 13 15]]
Step 7:
 [[ 5  0  1  4]
 [ 2  7  3  8]
 [14  6 11 12]
 [ 9 10 13 15]]
Step 8:
 [[ 5  1  0  4]
 [ 2  7  3  8]
 [14  6 11 12]
 [ 9 10 13 15]]
Step 9:
 [[ 5  1  3  4]
 [ 2  7  0  8]
 [14  6 11 12]
 [ 9 10 13 15]]
Step 10:
 [[ 5  1  3  4]
 [ 2  0  7  8]
 [14  6 11 12]
 [ 9 10 13 15]]
Step 11:
 [[ 5  1  3  4]
 [ 0  2  7  8]
 [14  6 11 12]
 [ 9 10 13 15]]
Step 12:
 [[ 0  1  3  4]
 [ 5  2  7  8]
 [14  6 11 12]
 [ 9 10 13 15]]
Step 13:
 [[ 1  0  3  4]
 [ 5  2  7  8]
 [14  6 11 12]
 [ 9 10 13 15]]
Step 14:
 [[ 1  2  3  4]
 [ 5  0  7  8]
 [14  6 11 12]
 [ 9 10 13 15]]
Step 15:
 [[ 1  2  3  4]
 [ 5  6  7  8]
 [14  0 11 12]
 [ 9 10 13 15]]
Step 16:
 [[ 1  2  3  4]
 [ 5  6  7  8]
 [14 10 11 12]
 [ 9  0 13 15]]
Step 17:
 [[ 1  2  3  4]
 [ 5  6  7  8]
 [14 10 11 12]
 [ 9 13  0 15]]
Step 18:
 [[ 1  2  3  4]
 [ 5  6  7  8]
 [14 10  0 12]
 [ 9 13 11 15]]
Step 19:
 [[ 1  2  3  4]
 [ 5  6  7  8]
 [14  0 10 12]
 [ 9 13 11 15]]
Step 20:
 [[ 1  2  3  4]
 [ 5  6  7  8]
 [ 0 14 10 12]
 [ 9 13 11 15]]
Step 21:
 [[ 1  2  3  4]
 [ 5  6  7  8]
 [ 9 14 10 12]
 [ 0 13 11 15]]
Step 22:
 [[ 1  2  3  4]
 [ 5  6  7  8]
 [ 9 14 10 12]
 [13  0 11 15]]
Step 23:
 [[ 1  2  3  4]
 [ 5  6  7  8]
 [ 9  0 10 12]
 [13 14 11 15]]
Step 24:
 [[ 1  2  3  4]
 [ 5  6  7  8]
 [ 9 10  0 12]
 [13 14 11 15]]
Step 25:
 [[ 1  2  3  4]
 [ 5  6  7  8]
 [ 9 10 11 12]
 [13 14  0 15]]
Step 26:
 [[ 1  2  3  4]
 [ 5  6  7  8]
 [ 9 10 11 12]
 [13 14 15  0]]
Neural time 0.3890650272369385; total step: 26 
