Step 0:
 [[ 5  1  2  4]
 [14  0  3  8]
 [15  6  9 11]
 [13 10  7 12]]
Step 1:
 [[ 5  1  2  4]
 [14  6  3  8]
 [15  0  9 11]
 [13 10  7 12]]
Step 2:
 [[ 5  1  2  4]
 [14  6  3  8]
 [ 0 15  9 11]
 [13 10  7 12]]
Step 3:
 [[ 5  1  2  4]
 [ 0  6  3  8]
 [14 15  9 11]
 [13 10  7 12]]
Step 4:
 [[ 0  1  2  4]
 [ 5  6  3  8]
 [14 15  9 11]
 [13 10  7 12]]
Step 5:
 [[ 1  0  2  4]
 [ 5  6  3  8]
 [14 15  9 11]
 [13 10  7 12]]
Step 6:
 [[ 1  2  0  4]
 [ 5  6  3  8]
 [14 15  9 11]
 [13 10  7 12]]
Step 7:
 [[ 1  2  3  4]
 [ 5  6  0  8]
 [14 15  9 11]
 [13 10  7 12]]
Step 8:
 [[ 1  2  3  4]
 [ 5  6  9  8]
 [14 15  0 11]
 [13 10  7 12]]
Step 9:
 [[ 1  2  3  4]
 [ 5  6  9  8]
 [14 15  7 11]
 [13 10  0 12]]
Step 10:
 [[ 1  2  3  4]
 [ 5  6  9  8]
 [14 15  7 11]
 [13  0 10 12]]
Step 11:
 [[ 1  2  3  4]
 [ 5  6  9  8]
 [14  0  7 11]
 [13 15 10 12]]
Step 12:
 [[ 1  2  3  4]
 [ 5  6  9  8]
 [ 0 14  7 11]
 [13 15 10 12]]
Step 13:
 [[ 1  2  3  4]
 [ 0  6  9  8]
 [ 5 14  7 11]
 [13 15 10 12]]
Step 14:
 [[ 1  2  3  4]
 [ 6  0  9  8]
 [ 5 14  7 11]
 [13 15 10 12]]
Step 15:
 [[ 1  2  3  4]
 [ 6  9  0  8]
 [ 5 14  7 11]
 [13 15 10 12]]
Step 16:
 [[ 1  2  3  4]
 [ 6  9  7  8]
 [ 5 14  0 11]
 [13 15 10 12]]
Step 17:
 [[ 1  2  3  4]
 [ 6  9  7  8]
 [ 5 14 10 11]
 [13 15  0 12]]
Step 18:
 [[ 1  2  3  4]
 [ 6  9  7  8]
 [ 5 14 10 11]
 [13  0 15 12]]
Step 19:
 [[ 1  2  3  4]
 [ 6  9  7  8]
 [ 5  0 10 11]
 [13 14 15 12]]
Step 20:
 [[ 1  2  3  4]
 [ 6  0  7  8]
 [ 5  9 10 11]
 [13 14 15 12]]
Step 21:
 [[ 1  2  3  4]
 [ 0  6  7  8]
 [ 5  9 10 11]
 [13 14 15 12]]
Step 22:
 [[ 1  2  3  4]
 [ 5  6  7  8]
 [ 0  9 10 11]
 [13 14 15 12]]
Step 23:
 [[ 1  2  3  4]
 [ 5  6  7  8]
 [ 9  0 10 11]
 [13 14 15 12]]
Step 24:
 [[ 1  2  3  4]
 [ 5  6  7  8]
 [ 9 10  0 11]
 [13 14 15 12]]
Step 25:
 [[ 1  2  3  4]
 [ 5  6  7  8]
 [ 9 10 11  0]
 [13 14 15 12]]
Step 26:
 [[ 1  2  3  4]
 [ 5  6  7  8]
 [ 9 10 11 12]
 [13 14 15  0]]
Neural time 17.150993824005127; total step: 26 
