Step 0:
 [[ 1  6  2  3]
 [10  9  5  7]
 [13 14 11  4]
 [15  0 12  8]]
Step 1:
 [[ 1  6  2  3]
 [10  9  5  7]
 [13 14 11  4]
 [ 0 15 12  8]]
Step 2:
 [[ 1  6  2  3]
 [10  9  5  7]
 [ 0 14 11  4]
 [13 15 12  8]]
Step 3:
 [[ 1  6  2  3]
 [ 0  9  5  7]
 [10 14 11  4]
 [13 15 12  8]]
Step 4:
 [[ 1  6  2  3]
 [ 9  0  5  7]
 [10 14 11  4]
 [13 15 12  8]]
Step 5:
 [[ 1  6  2  3]
 [ 9  5  0  7]
 [10 14 11  4]
 [13 15 12  8]]
Step 6:
 [[ 1  6  2  3]
 [ 9  5  7  0]
 [10 14 11  4]
 [13 15 12  8]]
Step 7:
 [[ 1  6  2  3]
 [ 9  5  7  4]
 [10 14 11  0]
 [13 15 12  8]]
Step 8:
 [[ 1  6  2  3]
 [ 9  5  7  4]
 [10 14 11  8]
 [13 15 12  0]]
Step 9:
 [[ 1  6  2  3]
 [ 9  5  7  4]
 [10 14 11  8]
 [13 15  0 12]]
Step 10:
 [[ 1  6  2  3]
 [ 9  5  7  4]
 [10 14 11  8]
 [13  0 15 12]]
Step 11:
 [[ 1  6  2  3]
 [ 9  5  7  4]
 [10  0 11  8]
 [13 14 15 12]]
Step 12:
 [[ 1  6  2  3]
 [ 9  5  7  4]
 [ 0 10 11  8]
 [13 14 15 12]]
Step 13:
 [[ 1  6  2  3]
 [ 0  5  7  4]
 [ 9 10 11  8]
 [13 14 15 12]]
Step 14:
 [[ 1  6  2  3]
 [ 5  0  7  4]
 [ 9 10 11  8]
 [13 14 15 12]]
Step 15:
 [[ 1  0  2  3]
 [ 5  6  7  4]
 [ 9 10 11  8]
 [13 14 15 12]]
Step 16:
 [[ 1  2  0  3]
 [ 5  6  7  4]
 [ 9 10 11  8]
 [13 14 15 12]]
Step 17:
 [[ 1  2  3  0]
 [ 5  6  7  4]
 [ 9 10 11  8]
 [13 14 15 12]]
Step 18:
 [[ 1  2  3  4]
 [ 5  6  7  0]
 [ 9 10 11  8]
 [13 14 15 12]]
Step 19:
 [[ 1  2  3  4]
 [ 5  6  7  8]
 [ 9 10 11  0]
 [13 14 15 12]]
Step 20:
 [[ 1  2  3  4]
 [ 5  6  7  8]
 [ 9 10 11 12]
 [13 14 15  0]]
Neural time 0.07524704933166504; total step: 20 
