Step 0:
 [[ 1  2  8  3]
 [ 7  0 15  4]
 [ 5  6 14 11]
 [ 9 13 10 12]]
Step 1:
 [[ 1  2  8  3]
 [ 0  7 15  4]
 [ 5  6 14 11]
 [ 9 13 10 12]]
Step 2:
 [[ 1  2  8  3]
 [ 5  7 15  4]
 [ 0  6 14 11]
 [ 9 13 10 12]]
Step 3:
 [[ 1  2  8  3]
 [ 5  7 15  4]
 [ 9  6 14 11]
 [ 0 13 10 12]]
Step 4:
 [[ 1  2  8  3]
 [ 5  7 15  4]
 [ 9  6 14 11]
 [13  0 10 12]]
Step 5:
 [[ 1  2  8  3]
 [ 5  7 15  4]
 [ 9  6 14 11]
 [13 10  0 12]]
Step 6:
 [[ 1  2  8  3]
 [ 5  7 15  4]
 [ 9  6  0 11]
 [13 10 14 12]]
Step 7:
 [[ 1  2  8  3]
 [ 5  7  0  4]
 [ 9  6 15 11]
 [13 10 14 12]]
Step 8:
 [[ 1  2  0  3]
 [ 5  7  8  4]
 [ 9  6 15 11]
 [13 10 14 12]]
Step 9:
 [[ 1  2  3  0]
 [ 5  7  8  4]
 [ 9  6 15 11]
 [13 10 14 12]]
Step 10:
 [[ 1  2  3  4]
 [ 5  7  8  0]
 [ 9  6 15 11]
 [13 10 14 12]]
Step 11:
 [[ 1  2  3  4]
 [ 5  7  0  8]
 [ 9  6 15 11]
 [13 10 14 12]]
Step 12:
 [[ 1  2  3  4]
 [ 5  0  7  8]
 [ 9  6 15 11]
 [13 10 14 12]]
Step 13:
 [[ 1  2  3  4]
 [ 5  6  7  8]
 [ 9  0 15 11]
 [13 10 14 12]]
Step 14:
 [[ 1  2  3  4]
 [ 5  6  7  8]
 [ 9 10 15 11]
 [13  0 14 12]]
Step 15:
 [[ 1  2  3  4]
 [ 5  6  7  8]
 [ 9 10 15 11]
 [13 14  0 12]]
Step 16:
 [[ 1  2  3  4]
 [ 5  6  7  8]
 [ 9 10  0 11]
 [13 14 15 12]]
Step 17:
 [[ 1  2  3  4]
 [ 5  6  7  8]
 [ 9 10 11  0]
 [13 14 15 12]]
Step 18:
 [[ 1  2  3  4]
 [ 5  6  7  8]
 [ 9 10 11 12]
 [13 14 15  0]]
Neural time 0.07741498947143555; total step: 18 
