Step 0:
 [[ 1  7  8  2]
 [ 5  0  3  4]
 [ 9  6 10 15]
 [13 14 12 11]]
Step 1:
 [[ 1  7  8  2]
 [ 5  3  0  4]
 [ 9  6 10 15]
 [13 14 12 11]]
Step 2:
 [[ 1  7  0  2]
 [ 5  3  8  4]
 [ 9  6 10 15]
 [13 14 12 11]]
Step 3:
 [[ 1  7  2  0]
 [ 5  3  8  4]
 [ 9  6 10 15]
 [13 14 12 11]]
Step 4:
 [[ 1  7  2  4]
 [ 5  3  8  0]
 [ 9  6 10 15]
 [13 14 12 11]]
Step 5:
 [[ 1  7  2  4]
 [ 5  3  0  8]
 [ 9  6 10 15]
 [13 14 12 11]]
Step 6:
 [[ 1  7  2  4]
 [ 5  0  3  8]
 [ 9  6 10 15]
 [13 14 12 11]]
Step 7:
 [[ 1  0  2  4]
 [ 5  7  3  8]
 [ 9  6 10 15]
 [13 14 12 11]]
Step 8:
 [[ 1  2  0  4]
 [ 5  7  3  8]
 [ 9  6 10 15]
 [13 14 12 11]]
Step 9:
 [[ 1  2  3  4]
 [ 5  7  0  8]
 [ 9  6 10 15]
 [13 14 12 11]]
Step 10:
 [[ 1  2  3  4]
 [ 5  0  7  8]
 [ 9  6 10 15]
 [13 14 12 11]]
Step 11:
 [[ 1  2  3  4]
 [ 5  6  7  8]
 [ 9  0 10 15]
 [13 14 12 11]]
Step 12:
 [[ 1  2  3  4]
 [ 5  6  7  8]
 [ 9 10  0 15]
 [13 14 12 11]]
Step 13:
 [[ 1  2  3  4]
 [ 5  6  7  8]
 [ 9 10 15  0]
 [13 14 12 11]]
Step 14:
 [[ 1  2  3  4]
 [ 5  6  7  8]
 [ 9 10 15 11]
 [13 14 12  0]]
Step 15:
 [[ 1  2  3  4]
 [ 5  6  7  8]
 [ 9 10 15 11]
 [13 14  0 12]]
Step 16:
 [[ 1  2  3  4]
 [ 5  6  7  8]
 [ 9 10  0 11]
 [13 14 15 12]]
Step 17:
 [[ 1  2  3  4]
 [ 5  6  7  8]
 [ 9 10 11  0]
 [13 14 15 12]]
Step 18:
 [[ 1  2  3  4]
 [ 5  6  7  8]
 [ 9 10 11 12]
 [13 14 15  0]]
Neural time 0.10114884376525879; total step: 18 
