Step 0:
 [[ 5  2  4  8]
 [ 6 10  3 12]
 [ 1 14  0  7]
 [ 9 13 11 15]]
Step 1:
 [[ 5  2  4  8]
 [ 6 10  3 12]
 [ 1 14  7  0]
 [ 9 13 11 15]]
Step 2:
 [[ 5  2  4  8]
 [ 6 10  3  0]
 [ 1 14  7 12]
 [ 9 13 11 15]]
Step 3:
 [[ 5  2  4  0]
 [ 6 10  3  8]
 [ 1 14  7 12]
 [ 9 13 11 15]]
Step 4:
 [[ 5  2  0  4]
 [ 6 10  3  8]
 [ 1 14  7 12]
 [ 9 13 11 15]]
Step 5:
 [[ 5  0  2  4]
 [ 6 10  3  8]
 [ 1 14  7 12]
 [ 9 13 11 15]]
Step 6:
 [[ 0  5  2  4]
 [ 6 10  3  8]
 [ 1 14  7 12]
 [ 9 13 11 15]]
Step 7:
 [[ 6  5  2  4]
 [ 0 10  3  8]
 [ 1 14  7 12]
 [ 9 13 11 15]]
Step 8:
 [[ 6  5  2  4]
 [ 1 10  3  8]
 [ 0 14  7 12]
 [ 9 13 11 15]]
Step 9:
 [[ 6  5  2  4]
 [ 1 10  3  8]
 [ 9 14  7 12]
 [ 0 13 11 15]]
Step 10:
 [[ 6  5  2  4]
 [ 1 10  3  8]
 [ 9 14  7 12]
 [13  0 11 15]]
Step 11:
 [[ 6  5  2  4]
 [ 1 10  3  8]
 [ 9  0  7 12]
 [13 14 11 15]]
Step 12:
 [[ 6  5  2  4]
 [ 1  0  3  8]
 [ 9 10  7 12]
 [13 14 11 15]]
Step 13:
 [[ 6  0  2  4]
 [ 1  5  3  8]
 [ 9 10  7 12]
 [13 14 11 15]]
Step 14:
 [[ 0  6  2  4]
 [ 1  5  3  8]
 [ 9 10  7 12]
 [13 14 11 15]]
Step 15:
 [[ 1  6  2  4]
 [ 0  5  3  8]
 [ 9 10  7 12]
 [13 14 11 15]]
Step 16:
 [[ 1  6  2  4]
 [ 5  0  3  8]
 [ 9 10  7 12]
 [13 14 11 15]]
Step 17:
 [[ 1  0  2  4]
 [ 5  6  3  8]
 [ 9 10  7 12]
 [13 14 11 15]]
Step 18:
 [[ 1  2  0  4]
 [ 5  6  3  8]
 [ 9 10  7 12]
 [13 14 11 15]]
Step 19:
 [[ 1  2  3  4]
 [ 5  6  0  8]
 [ 9 10  7 12]
 [13 14 11 15]]
Step 20:
 [[ 1  2  3  4]
 [ 5  6  7  8]
 [ 9 10  0 12]
 [13 14 11 15]]
Step 21:
 [[ 1  2  3  4]
 [ 5  6  7  8]
 [ 9 10 11 12]
 [13 14  0 15]]
Step 22:
 [[ 1  2  3  4]
 [ 5  6  7  8]
 [ 9 10 11 12]
 [13 14 15  0]]
Neural time 0.2612721920013428; total step: 22 
