Step 0:
 [[ 0  2  7  3]
 [ 1  5  4  8]
 [13  6 14 11]
 [15  9 10 12]]
Step 1:
 [[ 1  2  7  3]
 [ 0  5  4  8]
 [13  6 14 11]
 [15  9 10 12]]
Step 2:
 [[ 1  2  7  3]
 [ 5  0  4  8]
 [13  6 14 11]
 [15  9 10 12]]
Step 3:
 [[ 1  2  7  3]
 [ 5  6  4  8]
 [13  0 14 11]
 [15  9 10 12]]
Step 4:
 [[ 1  2  7  3]
 [ 5  6  4  8]
 [13  9 14 11]
 [15  0 10 12]]
Step 5:
 [[ 1  2  7  3]
 [ 5  6  4  8]
 [13  9 14 11]
 [ 0 15 10 12]]
Step 6:
 [[ 1  2  7  3]
 [ 5  6  4  8]
 [ 0  9 14 11]
 [13 15 10 12]]
Step 7:
 [[ 1  2  7  3]
 [ 5  6  4  8]
 [ 9  0 14 11]
 [13 15 10 12]]
Step 8:
 [[ 1  2  7  3]
 [ 5  6  4  8]
 [ 9 14  0 11]
 [13 15 10 12]]
Step 9:
 [[ 1  2  7  3]
 [ 5  6  4  8]
 [ 9 14 10 11]
 [13 15  0 12]]
Step 10:
 [[ 1  2  7  3]
 [ 5  6  4  8]
 [ 9 14 10 11]
 [13  0 15 12]]
Step 11:
 [[ 1  2  7  3]
 [ 5  6  4  8]
 [ 9  0 10 11]
 [13 14 15 12]]
Step 12:
 [[ 1  2  7  3]
 [ 5  6  4  8]
 [ 9 10  0 11]
 [13 14 15 12]]
Step 13:
 [[ 1  2  7  3]
 [ 5  6  4  8]
 [ 9 10 11  0]
 [13 14 15 12]]
Step 14:
 [[ 1  2  7  3]
 [ 5  6  4  0]
 [ 9 10 11  8]
 [13 14 15 12]]
Step 15:
 [[ 1  2  7  3]
 [ 5  6  0  4]
 [ 9 10 11  8]
 [13 14 15 12]]
Step 16:
 [[ 1  2  0  3]
 [ 5  6  7  4]
 [ 9 10 11  8]
 [13 14 15 12]]
Step 17:
 [[ 1  2  3  0]
 [ 5  6  7  4]
 [ 9 10 11  8]
 [13 14 15 12]]
Step 18:
 [[ 1  2  3  4]
 [ 5  6  7  0]
 [ 9 10 11  8]
 [13 14 15 12]]
Step 19:
 [[ 1  2  3  4]
 [ 5  6  7  8]
 [ 9 10 11  0]
 [13 14 15 12]]
Step 20:
 [[ 1  2  3  4]
 [ 5  6  7  8]
 [ 9 10 11 12]
 [13 14 15  0]]
Neural time 0.08012604713439941; total step: 20 
