Step 0:
 [[ 0  1  4  8]
 [10  3  5 15]
 [ 9  2  6  7]
 [14 12 13 11]]
Step 1:
 [[ 1  0  4  8]
 [10  3  5 15]
 [ 9  2  6  7]
 [14 12 13 11]]
Step 2:
 [[ 1  3  4  8]
 [10  0  5 15]
 [ 9  2  6  7]
 [14 12 13 11]]
Step 3:
 [[ 1  3  4  8]
 [10  5  0 15]
 [ 9  2  6  7]
 [14 12 13 11]]
Step 4:
 [[ 1  3  4  8]
 [10  5  6 15]
 [ 9  2  0  7]
 [14 12 13 11]]
Step 5:
 [[ 1  3  4  8]
 [10  5  6 15]
 [ 9  2 13  7]
 [14 12  0 11]]
Step 6:
 [[ 1  3  4  8]
 [10  5  6 15]
 [ 9  2 13  7]
 [14  0 12 11]]
Step 7:
 [[ 1  3  4  8]
 [10  5  6 15]
 [ 9  2 13  7]
 [ 0 14 12 11]]
Step 8:
 [[ 1  3  4  8]
 [10  5  6 15]
 [ 0  2 13  7]
 [ 9 14 12 11]]
Step 9:
 [[ 1  3  4  8]
 [ 0  5  6 15]
 [10  2 13  7]
 [ 9 14 12 11]]
Step 10:
 [[ 1  3  4  8]
 [ 5  0  6 15]
 [10  2 13  7]
 [ 9 14 12 11]]
Step 11:
 [[ 1  3  4  8]
 [ 5  2  6 15]
 [10  0 13  7]
 [ 9 14 12 11]]
Step 12:
 [[ 1  3  4  8]
 [ 5  2  6 15]
 [10 13  0  7]
 [ 9 14 12 11]]
Step 13:
 [[ 1  3  4  8]
 [ 5  2  6 15]
 [10 13  7  0]
 [ 9 14 12 11]]
Step 14:
 [[ 1  3  4  8]
 [ 5  2  6  0]
 [10 13  7 15]
 [ 9 14 12 11]]
Step 15:
 [[ 1  3  4  0]
 [ 5  2  6  8]
 [10 13  7 15]
 [ 9 14 12 11]]
Step 16:
 [[ 1  3  0  4]
 [ 5  2  6  8]
 [10 13  7 15]
 [ 9 14 12 11]]
Step 17:
 [[ 1  0  3  4]
 [ 5  2  6  8]
 [10 13  7 15]
 [ 9 14 12 11]]
Step 18:
 [[ 1  2  3  4]
 [ 5  0  6  8]
 [10 13  7 15]
 [ 9 14 12 11]]
Step 19:
 [[ 1  2  3  4]
 [ 5  6  0  8]
 [10 13  7 15]
 [ 9 14 12 11]]
Step 20:
 [[ 1  2  3  4]
 [ 5  6  7  8]
 [10 13  0 15]
 [ 9 14 12 11]]
Step 21:
 [[ 1  2  3  4]
 [ 5  6  7  8]
 [10 13 15  0]
 [ 9 14 12 11]]
Step 22:
 [[ 1  2  3  4]
 [ 5  6  7  8]
 [10 13 15 11]
 [ 9 14 12  0]]
Step 23:
 [[ 1  2  3  4]
 [ 5  6  7  8]
 [10 13 15 11]
 [ 9 14  0 12]]
Step 24:
 [[ 1  2  3  4]
 [ 5  6  7  8]
 [10 13 15 11]
 [ 9  0 14 12]]
Step 25:
 [[ 1  2  3  4]
 [ 5  6  7  8]
 [10  0 15 11]
 [ 9 13 14 12]]
Step 26:
 [[ 1  2  3  4]
 [ 5  6  7  8]
 [ 0 10 15 11]
 [ 9 13 14 12]]
Step 27:
 [[ 1  2  3  4]
 [ 5  6  7  8]
 [ 9 10 15 11]
 [ 0 13 14 12]]
Step 28:
 [[ 1  2  3  4]
 [ 5  6  7  8]
 [ 9 10 15 11]
 [13  0 14 12]]
Step 29:
 [[ 1  2  3  4]
 [ 5  6  7  8]
 [ 9 10 15 11]
 [13 14  0 12]]
Step 30:
 [[ 1  2  3  4]
 [ 5  6  7  8]
 [ 9 10  0 11]
 [13 14 15 12]]
Step 31:
 [[ 1  2  3  4]
 [ 5  6  7  8]
 [ 9 10 11  0]
 [13 14 15 12]]
Step 32:
 [[ 1  2  3  4]
 [ 5  6  7  8]
 [ 9 10 11 12]
 [13 14 15  0]]
Neural time 1.051889181137085; total step: 32 
