Step 0:
 [[10  7  0  3]
 [13  2  5  4]
 [ 6  1 12  8]
 [11  9 14 15]]
Step 1:
 [[10  0  7  3]
 [13  2  5  4]
 [ 6  1 12  8]
 [11  9 14 15]]
Step 2:
 [[10  2  7  3]
 [13  0  5  4]
 [ 6  1 12  8]
 [11  9 14 15]]
Step 3:
 [[10  2  7  3]
 [13  5  0  4]
 [ 6  1 12  8]
 [11  9 14 15]]
Step 4:
 [[10  2  0  3]
 [13  5  7  4]
 [ 6  1 12  8]
 [11  9 14 15]]
Step 5:
 [[10  0  2  3]
 [13  5  7  4]
 [ 6  1 12  8]
 [11  9 14 15]]
Step 6:
 [[10  5  2  3]
 [13  0  7  4]
 [ 6  1 12  8]
 [11  9 14 15]]
Step 7:
 [[10  5  2  3]
 [13  1  7  4]
 [ 6  0 12  8]
 [11  9 14 15]]
Step 8:
 [[10  5  2  3]
 [13  1  7  4]
 [ 0  6 12  8]
 [11  9 14 15]]
Step 9:
 [[10  5  2  3]
 [ 0  1  7  4]
 [13  6 12  8]
 [11  9 14 15]]
Step 10:
 [[ 0  5  2  3]
 [10  1  7  4]
 [13  6 12  8]
 [11  9 14 15]]
Step 11:
 [[ 5  0  2  3]
 [10  1  7  4]
 [13  6 12  8]
 [11  9 14 15]]
Step 12:
 [[ 5  1  2  3]
 [10  0  7  4]
 [13  6 12  8]
 [11  9 14 15]]
Step 13:
 [[ 5  1  2  3]
 [10  6  7  4]
 [13  0 12  8]
 [11  9 14 15]]
Step 14:
 [[ 5  1  2  3]
 [10  6  7  4]
 [ 0 13 12  8]
 [11  9 14 15]]
Step 15:
 [[ 5  1  2  3]
 [10  6  7  4]
 [11 13 12  8]
 [ 0  9 14 15]]
Step 16:
 [[ 5  1  2  3]
 [10  6  7  4]
 [11 13 12  8]
 [ 9  0 14 15]]
Step 17:
 [[ 5  1  2  3]
 [10  6  7  4]
 [11  0 12  8]
 [ 9 13 14 15]]
Step 18:
 [[ 5  1  2  3]
 [10  6  7  4]
 [ 0 11 12  8]
 [ 9 13 14 15]]
Step 19:
 [[ 5  1  2  3]
 [ 0  6  7  4]
 [10 11 12  8]
 [ 9 13 14 15]]
Step 20:
 [[ 0  1  2  3]
 [ 5  6  7  4]
 [10 11 12  8]
 [ 9 13 14 15]]
Step 21:
 [[ 1  0  2  3]
 [ 5  6  7  4]
 [10 11 12  8]
 [ 9 13 14 15]]
Step 22:
 [[ 1  2  0  3]
 [ 5  6  7  4]
 [10 11 12  8]
 [ 9 13 14 15]]
Step 23:
 [[ 1  2  3  0]
 [ 5  6  7  4]
 [10 11 12  8]
 [ 9 13 14 15]]
Step 24:
 [[ 1  2  3  4]
 [ 5  6  7  0]
 [10 11 12  8]
 [ 9 13 14 15]]
Step 25:
 [[ 1  2  3  4]
 [ 5  6  7  8]
 [10 11 12  0]
 [ 9 13 14 15]]
Step 26:
 [[ 1  2  3  4]
 [ 5  6  7  8]
 [10 11  0 12]
 [ 9 13 14 15]]
Step 27:
 [[ 1  2  3  4]
 [ 5  6  7  8]
 [10  0 11 12]
 [ 9 13 14 15]]
Step 28:
 [[ 1  2  3  4]
 [ 5  6  7  8]
 [ 0 10 11 12]
 [ 9 13 14 15]]
Step 29:
 [[ 1  2  3  4]
 [ 5  6  7  8]
 [ 9 10 11 12]
 [ 0 13 14 15]]
Step 30:
 [[ 1  2  3  4]
 [ 5  6  7  8]
 [ 9 10 11 12]
 [13  0 14 15]]
Step 31:
 [[ 1  2  3  4]
 [ 5  6  7  8]
 [ 9 10 11 12]
 [13 14  0 15]]
Step 32:
 [[ 1  2  3  4]
 [ 5  6  7  8]
 [ 9 10 11 12]
 [13 14 15  0]]
Neural time 105.93586707115173; total step: 32 
