Step 0:
 [[ 2  4 12  3]
 [ 1  7  8  0]
 [ 5  6 14 15]
 [10  9 11 13]]
Step 1:
 [[ 2  4 12  3]
 [ 1  7  0  8]
 [ 5  6 14 15]
 [10  9 11 13]]
Step 2:
 [[ 2  4  0  3]
 [ 1  7 12  8]
 [ 5  6 14 15]
 [10  9 11 13]]
Step 3:
 [[ 2  4  3  0]
 [ 1  7 12  8]
 [ 5  6 14 15]
 [10  9 11 13]]
Step 4:
 [[ 2  4  3  8]
 [ 1  7 12  0]
 [ 5  6 14 15]
 [10  9 11 13]]
Step 5:
 [[ 2  4  3  8]
 [ 1  7  0 12]
 [ 5  6 14 15]
 [10  9 11 13]]
Step 6:
 [[ 2  4  0  8]
 [ 1  7  3 12]
 [ 5  6 14 15]
 [10  9 11 13]]
Step 7:
 [[ 2  0  4  8]
 [ 1  7  3 12]
 [ 5  6 14 15]
 [10  9 11 13]]
Step 8:
 [[ 0  2  4  8]
 [ 1  7  3 12]
 [ 5  6 14 15]
 [10  9 11 13]]
Step 9:
 [[ 1  2  4  8]
 [ 0  7  3 12]
 [ 5  6 14 15]
 [10  9 11 13]]
Step 10:
 [[ 1  2  4  8]
 [ 5  7  3 12]
 [ 0  6 14 15]
 [10  9 11 13]]
Step 11:
 [[ 1  2  4  8]
 [ 5  7  3 12]
 [10  6 14 15]
 [ 0  9 11 13]]
Step 12:
 [[ 1  2  4  8]
 [ 5  7  3 12]
 [10  6 14 15]
 [ 9  0 11 13]]
Step 13:
 [[ 1  2  4  8]
 [ 5  7  3 12]
 [10  6 14 15]
 [ 9 11  0 13]]
Step 14:
 [[ 1  2  4  8]
 [ 5  7  3 12]
 [10  6 14 15]
 [ 9 11 13  0]]
Step 15:
 [[ 1  2  4  8]
 [ 5  7  3 12]
 [10  6 14  0]
 [ 9 11 13 15]]
Step 16:
 [[ 1  2  4  8]
 [ 5  7  3  0]
 [10  6 14 12]
 [ 9 11 13 15]]
Step 17:
 [[ 1  2  4  0]
 [ 5  7  3  8]
 [10  6 14 12]
 [ 9 11 13 15]]
Step 18:
 [[ 1  2  0  4]
 [ 5  7  3  8]
 [10  6 14 12]
 [ 9 11 13 15]]
Step 19:
 [[ 1  2  3  4]
 [ 5  7  0  8]
 [10  6 14 12]
 [ 9 11 13 15]]
Step 20:
 [[ 1  2  3  4]
 [ 5  0  7  8]
 [10  6 14 12]
 [ 9 11 13 15]]
Step 21:
 [[ 1  2  3  4]
 [ 5  6  7  8]
 [10  0 14 12]
 [ 9 11 13 15]]
Step 22:
 [[ 1  2  3  4]
 [ 5  6  7  8]
 [10 11 14 12]
 [ 9  0 13 15]]
Step 23:
 [[ 1  2  3  4]
 [ 5  6  7  8]
 [10 11 14 12]
 [ 9 13  0 15]]
Step 24:
 [[ 1  2  3  4]
 [ 5  6  7  8]
 [10 11  0 12]
 [ 9 13 14 15]]
Step 25:
 [[ 1  2  3  4]
 [ 5  6  7  8]
 [10  0 11 12]
 [ 9 13 14 15]]
Step 26:
 [[ 1  2  3  4]
 [ 5  6  7  8]
 [ 0 10 11 12]
 [ 9 13 14 15]]
Step 27:
 [[ 1  2  3  4]
 [ 5  6  7  8]
 [ 9 10 11 12]
 [ 0 13 14 15]]
Step 28:
 [[ 1  2  3  4]
 [ 5  6  7  8]
 [ 9 10 11 12]
 [13  0 14 15]]
Step 29:
 [[ 1  2  3  4]
 [ 5  6  7  8]
 [ 9 10 11 12]
 [13 14  0 15]]
Step 30:
 [[ 1  2  3  4]
 [ 5  6  7  8]
 [ 9 10 11 12]
 [13 14 15  0]]
Neural time 0.5971221923828125; total step: 30 
