Step 0:
 [[ 6  7  8  3]
 [ 2  0  4 12]
 [ 1  5 11 10]
 [ 9 14 13 15]]
Step 1:
 [[ 6  0  8  3]
 [ 2  7  4 12]
 [ 1  5 11 10]
 [ 9 14 13 15]]
Step 2:
 [[ 0  6  8  3]
 [ 2  7  4 12]
 [ 1  5 11 10]
 [ 9 14 13 15]]
Step 3:
 [[ 2  6  8  3]
 [ 0  7  4 12]
 [ 1  5 11 10]
 [ 9 14 13 15]]
Step 4:
 [[ 2  6  8  3]
 [ 1  7  4 12]
 [ 0  5 11 10]
 [ 9 14 13 15]]
Step 5:
 [[ 2  6  8  3]
 [ 1  7  4 12]
 [ 5  0 11 10]
 [ 9 14 13 15]]
Step 6:
 [[ 2  6  8  3]
 [ 1  7  4 12]
 [ 5 14 11 10]
 [ 9  0 13 15]]
Step 7:
 [[ 2  6  8  3]
 [ 1  7  4 12]
 [ 5 14 11 10]
 [ 9 13  0 15]]
Step 8:
 [[ 2  6  8  3]
 [ 1  7  4 12]
 [ 5 14  0 10]
 [ 9 13 11 15]]
Step 9:
 [[ 2  6  8  3]
 [ 1  7  4 12]
 [ 5 14 10  0]
 [ 9 13 11 15]]
Step 10:
 [[ 2  6  8  3]
 [ 1  7  4  0]
 [ 5 14 10 12]
 [ 9 13 11 15]]
Step 11:
 [[ 2  6  8  3]
 [ 1  7  0  4]
 [ 5 14 10 12]
 [ 9 13 11 15]]
Step 12:
 [[ 2  6  0  3]
 [ 1  7  8  4]
 [ 5 14 10 12]
 [ 9 13 11 15]]
Step 13:
 [[ 2  6  3  0]
 [ 1  7  8  4]
 [ 5 14 10 12]
 [ 9 13 11 15]]
Step 14:
 [[ 2  6  3  4]
 [ 1  7  8  0]
 [ 5 14 10 12]
 [ 9 13 11 15]]
Step 15:
 [[ 2  6  3  4]
 [ 1  7  0  8]
 [ 5 14 10 12]
 [ 9 13 11 15]]
Step 16:
 [[ 2  6  3  4]
 [ 1  0  7  8]
 [ 5 14 10 12]
 [ 9 13 11 15]]
Step 17:
 [[ 2  0  3  4]
 [ 1  6  7  8]
 [ 5 14 10 12]
 [ 9 13 11 15]]
Step 18:
 [[ 0  2  3  4]
 [ 1  6  7  8]
 [ 5 14 10 12]
 [ 9 13 11 15]]
Step 19:
 [[ 1  2  3  4]
 [ 0  6  7  8]
 [ 5 14 10 12]
 [ 9 13 11 15]]
Step 20:
 [[ 1  2  3  4]
 [ 5  6  7  8]
 [ 0 14 10 12]
 [ 9 13 11 15]]
Step 21:
 [[ 1  2  3  4]
 [ 5  6  7  8]
 [ 9 14 10 12]
 [ 0 13 11 15]]
Step 22:
 [[ 1  2  3  4]
 [ 5  6  7  8]
 [ 9 14 10 12]
 [13  0 11 15]]
Step 23:
 [[ 1  2  3  4]
 [ 5  6  7  8]
 [ 9  0 10 12]
 [13 14 11 15]]
Step 24:
 [[ 1  2  3  4]
 [ 5  6  7  8]
 [ 9 10  0 12]
 [13 14 11 15]]
Step 25:
 [[ 1  2  3  4]
 [ 5  6  7  8]
 [ 9 10 11 12]
 [13 14  0 15]]
Step 26:
 [[ 1  2  3  4]
 [ 5  6  7  8]
 [ 9 10 11 12]
 [13 14 15  0]]
Neural time 0.549778938293457; total step: 26 
