Step 0:
 [[ 2  7  3  8]
 [ 1  6  4 11]
 [ 9  5 12 14]
 [10  0 13 15]]
Step 1:
 [[ 2  7  3  8]
 [ 1  6  4 11]
 [ 9  5 12 14]
 [ 0 10 13 15]]
Step 2:
 [[ 2  7  3  8]
 [ 1  6  4 11]
 [ 0  5 12 14]
 [ 9 10 13 15]]
Step 3:
 [[ 2  7  3  8]
 [ 1  6  4 11]
 [ 5  0 12 14]
 [ 9 10 13 15]]
Step 4:
 [[ 2  7  3  8]
 [ 1  0  4 11]
 [ 5  6 12 14]
 [ 9 10 13 15]]
Step 5:
 [[ 2  0  3  8]
 [ 1  7  4 11]
 [ 5  6 12 14]
 [ 9 10 13 15]]
Step 6:
 [[ 2  3  0  8]
 [ 1  7  4 11]
 [ 5  6 12 14]
 [ 9 10 13 15]]
Step 7:
 [[ 2  3  4  8]
 [ 1  7  0 11]
 [ 5  6 12 14]
 [ 9 10 13 15]]
Step 8:
 [[ 2  3  4  8]
 [ 1  7 12 11]
 [ 5  6  0 14]
 [ 9 10 13 15]]
Step 9:
 [[ 2  3  4  8]
 [ 1  7 12 11]
 [ 5  6 14  0]
 [ 9 10 13 15]]
Step 10:
 [[ 2  3  4  8]
 [ 1  7 12  0]
 [ 5  6 14 11]
 [ 9 10 13 15]]
Step 11:
 [[ 2  3  4  8]
 [ 1  7  0 12]
 [ 5  6 14 11]
 [ 9 10 13 15]]
Step 12:
 [[ 2  3  4  8]
 [ 1  0  7 12]
 [ 5  6 14 11]
 [ 9 10 13 15]]
Step 13:
 [[ 2  3  4  8]
 [ 1  6  7 12]
 [ 5  0 14 11]
 [ 9 10 13 15]]
Step 14:
 [[ 2  3  4  8]
 [ 1  6  7 12]
 [ 5 10 14 11]
 [ 9  0 13 15]]
Step 15:
 [[ 2  3  4  8]
 [ 1  6  7 12]
 [ 5 10 14 11]
 [ 9 13  0 15]]
Step 16:
 [[ 2  3  4  8]
 [ 1  6  7 12]
 [ 5 10  0 11]
 [ 9 13 14 15]]
Step 17:
 [[ 2  3  4  8]
 [ 1  6  7 12]
 [ 5 10 11  0]
 [ 9 13 14 15]]
Step 18:
 [[ 2  3  4  8]
 [ 1  6  7  0]
 [ 5 10 11 12]
 [ 9 13 14 15]]
Step 19:
 [[ 2  3  4  0]
 [ 1  6  7  8]
 [ 5 10 11 12]
 [ 9 13 14 15]]
Step 20:
 [[ 2  3  0  4]
 [ 1  6  7  8]
 [ 5 10 11 12]
 [ 9 13 14 15]]
Step 21:
 [[ 2  0  3  4]
 [ 1  6  7  8]
 [ 5 10 11 12]
 [ 9 13 14 15]]
Step 22:
 [[ 0  2  3  4]
 [ 1  6  7  8]
 [ 5 10 11 12]
 [ 9 13 14 15]]
Step 23:
 [[ 1  2  3  4]
 [ 0  6  7  8]
 [ 5 10 11 12]
 [ 9 13 14 15]]
Step 24:
 [[ 1  2  3  4]
 [ 5  6  7  8]
 [ 0 10 11 12]
 [ 9 13 14 15]]
Step 25:
 [[ 1  2  3  4]
 [ 5  6  7  8]
 [ 9 10 11 12]
 [ 0 13 14 15]]
Step 26:
 [[ 1  2  3  4]
 [ 5  6  7  8]
 [ 9 10 11 12]
 [13  0 14 15]]
Step 27:
 [[ 1  2  3  4]
 [ 5  6  7  8]
 [ 9 10 11 12]
 [13 14  0 15]]
Step 28:
 [[ 1  2  3  4]
 [ 5  6  7  8]
 [ 9 10 11 12]
 [13 14 15  0]]
Neural time 0.5380749702453613; total step: 28 
