Step 0:
 [[ 1  2  6  4]
 [ 5 10 11  8]
 [13  9 15 14]
 [ 7 12  3  0]]
Step 1:
 [[ 1  2  6  4]
 [ 5 10 11  8]
 [13  9 15 14]
 [ 7 12  0  3]]
Step 2:
 [[ 1  2  6  4]
 [ 5 10 11  8]
 [13  9 15 14]
 [ 7  0 12  3]]
Step 3:
 [[ 1  2  6  4]
 [ 5 10 11  8]
 [13  9 15 14]
 [ 0  7 12  3]]
Step 4:
 [[ 1  2  6  4]
 [ 5 10 11  8]
 [ 0  9 15 14]
 [13  7 12  3]]
Step 5:
 [[ 1  2  6  4]
 [ 5 10 11  8]
 [ 9  0 15 14]
 [13  7 12  3]]
Step 6:
 [[ 1  2  6  4]
 [ 5 10 11  8]
 [ 9 15  0 14]
 [13  7 12  3]]
Step 7:
 [[ 1  2  6  4]
 [ 5 10 11  8]
 [ 9 15 14  0]
 [13  7 12  3]]
Step 8:
 [[ 1  2  6  4]
 [ 5 10 11  8]
 [ 9 15 14  3]
 [13  7 12  0]]
Step 9:
 [[ 1  2  6  4]
 [ 5 10 11  8]
 [ 9 15 14  3]
 [13  7  0 12]]
Step 10:
 [[ 1  2  6  4]
 [ 5 10 11  8]
 [ 9 15  0  3]
 [13  7 14 12]]
Step 11:
 [[ 1  2  6  4]
 [ 5 10 11  8]
 [ 9  0 15  3]
 [13  7 14 12]]
Step 12:
 [[ 1  2  6  4]
 [ 5 10 11  8]
 [ 9  7 15  3]
 [13  0 14 12]]
Step 13:
 [[ 1  2  6  4]
 [ 5 10 11  8]
 [ 9  7 15  3]
 [13 14  0 12]]
Step 14:
 [[ 1  2  6  4]
 [ 5 10 11  8]
 [ 9  7  0  3]
 [13 14 15 12]]
Step 15:
 [[ 1  2  6  4]
 [ 5 10  0  8]
 [ 9  7 11  3]
 [13 14 15 12]]
Step 16:
 [[ 1  2  0  4]
 [ 5 10  6  8]
 [ 9  7 11  3]
 [13 14 15 12]]
Step 17:
 [[ 1  2  4  0]
 [ 5 10  6  8]
 [ 9  7 11  3]
 [13 14 15 12]]
Step 18:
 [[ 1  2  4  8]
 [ 5 10  6  0]
 [ 9  7 11  3]
 [13 14 15 12]]
Step 19:
 [[ 1  2  4  8]
 [ 5 10  6  3]
 [ 9  7 11  0]
 [13 14 15 12]]
Step 20:
 [[ 1  2  4  8]
 [ 5 10  6  3]
 [ 9  7  0 11]
 [13 14 15 12]]
Step 21:
 [[ 1  2  4  8]
 [ 5 10  6  3]
 [ 9  0  7 11]
 [13 14 15 12]]
Step 22:
 [[ 1  2  4  8]
 [ 5  0  6  3]
 [ 9 10  7 11]
 [13 14 15 12]]
Step 23:
 [[ 1  2  4  8]
 [ 5  6  0  3]
 [ 9 10  7 11]
 [13 14 15 12]]
Step 24:
 [[ 1  2  4  8]
 [ 5  6  3  0]
 [ 9 10  7 11]
 [13 14 15 12]]
Step 25:
 [[ 1  2  4  0]
 [ 5  6  3  8]
 [ 9 10  7 11]
 [13 14 15 12]]
Step 26:
 [[ 1  2  0  4]
 [ 5  6  3  8]
 [ 9 10  7 11]
 [13 14 15 12]]
Step 27:
 [[ 1  2  3  4]
 [ 5  6  0  8]
 [ 9 10  7 11]
 [13 14 15 12]]
Step 28:
 [[ 1  2  3  4]
 [ 5  6  7  8]
 [ 9 10  0 11]
 [13 14 15 12]]
Step 29:
 [[ 1  2  3  4]
 [ 5  6  7  8]
 [ 9 10 11  0]
 [13 14 15 12]]
Step 30:
 [[ 1  2  3  4]
 [ 5  6  7  8]
 [ 9 10 11 12]
 [13 14 15  0]]
Neural time 1.7624049186706543; total step: 30 
