Step 0:
 [[ 5  1  8  3]
 [10  2 11 12]
 [ 9 13  4  6]
 [14  0  7 15]]
Step 1:
 [[ 5  1  8  3]
 [10  2 11 12]
 [ 9 13  4  6]
 [ 0 14  7 15]]
Step 2:
 [[ 5  1  8  3]
 [10  2 11 12]
 [ 0 13  4  6]
 [ 9 14  7 15]]
Step 3:
 [[ 5  1  8  3]
 [ 0  2 11 12]
 [10 13  4  6]
 [ 9 14  7 15]]
Step 4:
 [[ 0  1  8  3]
 [ 5  2 11 12]
 [10 13  4  6]
 [ 9 14  7 15]]
Step 5:
 [[ 1  0  8  3]
 [ 5  2 11 12]
 [10 13  4  6]
 [ 9 14  7 15]]
Step 6:
 [[ 1  2  8  3]
 [ 5  0 11 12]
 [10 13  4  6]
 [ 9 14  7 15]]
Step 7:
 [[ 1  2  8  3]
 [ 5 11  0 12]
 [10 13  4  6]
 [ 9 14  7 15]]
Step 8:
 [[ 1  2  8  3]
 [ 5 11  4 12]
 [10 13  0  6]
 [ 9 14  7 15]]
Step 9:
 [[ 1  2  8  3]
 [ 5 11  4 12]
 [10 13  6  0]
 [ 9 14  7 15]]
Step 10:
 [[ 1  2  8  3]
 [ 5 11  4  0]
 [10 13  6 12]
 [ 9 14  7 15]]
Step 11:
 [[ 1  2  8  3]
 [ 5 11  0  4]
 [10 13  6 12]
 [ 9 14  7 15]]
Step 12:
 [[ 1  2  8  3]
 [ 5 11  6  4]
 [10 13  0 12]
 [ 9 14  7 15]]
Step 13:
 [[ 1  2  8  3]
 [ 5 11  6  4]
 [10 13  7 12]
 [ 9 14  0 15]]
Step 14:
 [[ 1  2  8  3]
 [ 5 11  6  4]
 [10 13  7 12]
 [ 9  0 14 15]]
Step 15:
 [[ 1  2  8  3]
 [ 5 11  6  4]
 [10  0  7 12]
 [ 9 13 14 15]]
Step 16:
 [[ 1  2  8  3]
 [ 5  0  6  4]
 [10 11  7 12]
 [ 9 13 14 15]]
Step 17:
 [[ 1  2  8  3]
 [ 5  6  0  4]
 [10 11  7 12]
 [ 9 13 14 15]]
Step 18:
 [[ 1  2  0  3]
 [ 5  6  8  4]
 [10 11  7 12]
 [ 9 13 14 15]]
Step 19:
 [[ 1  2  3  0]
 [ 5  6  8  4]
 [10 11  7 12]
 [ 9 13 14 15]]
Step 20:
 [[ 1  2  3  4]
 [ 5  6  8  0]
 [10 11  7 12]
 [ 9 13 14 15]]
Step 21:
 [[ 1  2  3  4]
 [ 5  6  0  8]
 [10 11  7 12]
 [ 9 13 14 15]]
Step 22:
 [[ 1  2  3  4]
 [ 5  6  7  8]
 [10 11  0 12]
 [ 9 13 14 15]]
Step 23:
 [[ 1  2  3  4]
 [ 5  6  7  8]
 [10  0 11 12]
 [ 9 13 14 15]]
Step 24:
 [[ 1  2  3  4]
 [ 5  6  7  8]
 [ 0 10 11 12]
 [ 9 13 14 15]]
Step 25:
 [[ 1  2  3  4]
 [ 5  6  7  8]
 [ 9 10 11 12]
 [ 0 13 14 15]]
Step 26:
 [[ 1  2  3  4]
 [ 5  6  7  8]
 [ 9 10 11 12]
 [13  0 14 15]]
Step 27:
 [[ 1  2  3  4]
 [ 5  6  7  8]
 [ 9 10 11 12]
 [13 14  0 15]]
Step 28:
 [[ 1  2  3  4]
 [ 5  6  7  8]
 [ 9 10 11 12]
 [13 14 15  0]]
Neural time 0.230363130569458; total step: 28 
