Step 0:
 [[ 5  7  4  8]
 [ 6  3  1  0]
 [ 9 10  2 12]
 [13 14 11 15]]
Step 1:
 [[ 5  7  4  0]
 [ 6  3  1  8]
 [ 9 10  2 12]
 [13 14 11 15]]
Step 2:
 [[ 5  7  0  4]
 [ 6  3  1  8]
 [ 9 10  2 12]
 [13 14 11 15]]
Step 3:
 [[ 5  7  1  4]
 [ 6  3  0  8]
 [ 9 10  2 12]
 [13 14 11 15]]
Step 4:
 [[ 5  7  1  4]
 [ 6  3  2  8]
 [ 9 10  0 12]
 [13 14 11 15]]
Step 5:
 [[ 5  7  1  4]
 [ 6  3  2  8]
 [ 9  0 10 12]
 [13 14 11 15]]
Step 6:
 [[ 5  7  1  4]
 [ 6  0  2  8]
 [ 9  3 10 12]
 [13 14 11 15]]
Step 7:
 [[ 5  0  1  4]
 [ 6  7  2  8]
 [ 9  3 10 12]
 [13 14 11 15]]
Step 8:
 [[ 5  1  0  4]
 [ 6  7  2  8]
 [ 9  3 10 12]
 [13 14 11 15]]
Step 9:
 [[ 5  1  2  4]
 [ 6  7  0  8]
 [ 9  3 10 12]
 [13 14 11 15]]
Step 10:
 [[ 5  1  2  4]
 [ 6  0  7  8]
 [ 9  3 10 12]
 [13 14 11 15]]
Step 11:
 [[ 5  1  2  4]
 [ 6  3  7  8]
 [ 9  0 10 12]
 [13 14 11 15]]
Step 12:
 [[ 5  1  2  4]
 [ 6  3  7  8]
 [ 9 10  0 12]
 [13 14 11 15]]
Step 13:
 [[ 5  1  2  4]
 [ 6  3  0  8]
 [ 9 10  7 12]
 [13 14 11 15]]
Step 14:
 [[ 5  1  2  4]
 [ 6  0  3  8]
 [ 9 10  7 12]
 [13 14 11 15]]
Step 15:
 [[ 5  1  2  4]
 [ 0  6  3  8]
 [ 9 10  7 12]
 [13 14 11 15]]
Step 16:
 [[ 0  1  2  4]
 [ 5  6  3  8]
 [ 9 10  7 12]
 [13 14 11 15]]
Step 17:
 [[ 1  0  2  4]
 [ 5  6  3  8]
 [ 9 10  7 12]
 [13 14 11 15]]
Step 18:
 [[ 1  2  0  4]
 [ 5  6  3  8]
 [ 9 10  7 12]
 [13 14 11 15]]
Step 19:
 [[ 1  2  3  4]
 [ 5  6  0  8]
 [ 9 10  7 12]
 [13 14 11 15]]
Step 20:
 [[ 1  2  3  4]
 [ 5  6  7  8]
 [ 9 10  0 12]
 [13 14 11 15]]
Step 21:
 [[ 1  2  3  4]
 [ 5  6  7  8]
 [ 9 10 11 12]
 [13 14  0 15]]
Step 22:
 [[ 1  2  3  4]
 [ 5  6  7  8]
 [ 9 10 11 12]
 [13 14 15  0]]
Neural time 1.148306131362915; total step: 22 
