Step 0:
 [[ 2  5  0  7]
 [ 9  1  3  8]
 [ 6 11 12 14]
 [13 10 15  4]]
Step 1:
 [[ 2  5  3  7]
 [ 9  1  0  8]
 [ 6 11 12 14]
 [13 10 15  4]]
Step 2:
 [[ 2  5  3  7]
 [ 9  1 12  8]
 [ 6 11  0 14]
 [13 10 15  4]]
Step 3:
 [[ 2  5  3  7]
 [ 9  1 12  8]
 [ 6 11 14  0]
 [13 10 15  4]]
Step 4:
 [[ 2  5  3  7]
 [ 9  1 12  8]
 [ 6 11 14  4]
 [13 10 15  0]]
Step 5:
 [[ 2  5  3  7]
 [ 9  1 12  8]
 [ 6 11 14  4]
 [13 10  0 15]]
Step 6:
 [[ 2  5  3  7]
 [ 9  1 12  8]
 [ 6 11  0  4]
 [13 10 14 15]]
Step 7:
 [[ 2  5  3  7]
 [ 9  1  0  8]
 [ 6 11 12  4]
 [13 10 14 15]]
Step 8:
 [[ 2  5  3  7]
 [ 9  1  8  0]
 [ 6 11 12  4]
 [13 10 14 15]]
Step 9:
 [[ 2  5  3  7]
 [ 9  1  8  4]
 [ 6 11 12  0]
 [13 10 14 15]]
Step 10:
 [[ 2  5  3  7]
 [ 9  1  8  4]
 [ 6 11  0 12]
 [13 10 14 15]]
Step 11:
 [[ 2  5  3  7]
 [ 9  1  8  4]
 [ 6  0 11 12]
 [13 10 14 15]]
Step 12:
 [[ 2  5  3  7]
 [ 9  1  8  4]
 [ 0  6 11 12]
 [13 10 14 15]]
Step 13:
 [[ 2  5  3  7]
 [ 0  1  8  4]
 [ 9  6 11 12]
 [13 10 14 15]]
Step 14:
 [[ 2  5  3  7]
 [ 1  0  8  4]
 [ 9  6 11 12]
 [13 10 14 15]]
Step 15:
 [[ 2  0  3  7]
 [ 1  5  8  4]
 [ 9  6 11 12]
 [13 10 14 15]]
Step 16:
 [[ 2  3  0  7]
 [ 1  5  8  4]
 [ 9  6 11 12]
 [13 10 14 15]]
Step 17:
 [[ 2  3  7  0]
 [ 1  5  8  4]
 [ 9  6 11 12]
 [13 10 14 15]]
Step 18:
 [[ 2  3  7  4]
 [ 1  5  8  0]
 [ 9  6 11 12]
 [13 10 14 15]]
Step 19:
 [[ 2  3  7  4]
 [ 1  5  0  8]
 [ 9  6 11 12]
 [13 10 14 15]]
Step 20:
 [[ 2  3  0  4]
 [ 1  5  7  8]
 [ 9  6 11 12]
 [13 10 14 15]]
Step 21:
 [[ 2  0  3  4]
 [ 1  5  7  8]
 [ 9  6 11 12]
 [13 10 14 15]]
Step 22:
 [[ 0  2  3  4]
 [ 1  5  7  8]
 [ 9  6 11 12]
 [13 10 14 15]]
Step 23:
 [[ 1  2  3  4]
 [ 0  5  7  8]
 [ 9  6 11 12]
 [13 10 14 15]]
Step 24:
 [[ 1  2  3  4]
 [ 5  0  7  8]
 [ 9  6 11 12]
 [13 10 14 15]]
Step 25:
 [[ 1  2  3  4]
 [ 5  6  7  8]
 [ 9  0 11 12]
 [13 10 14 15]]
Step 26:
 [[ 1  2  3  4]
 [ 5  6  7  8]
 [ 9 10 11 12]
 [13  0 14 15]]
Step 27:
 [[ 1  2  3  4]
 [ 5  6  7  8]
 [ 9 10 11 12]
 [13 14  0 15]]
Step 28:
 [[ 1  2  3  4]
 [ 5  6  7  8]
 [ 9 10 11 12]
 [13 14 15  0]]
Neural time 1.427048921585083; total step: 28 
