Step 0:
 [[ 2  3 15  7]
 [ 1  6  8  0]
 [ 5 10 12  4]
 [ 9 13 14 11]]
Step 1:
 [[ 2  3 15  7]
 [ 1  6  8  4]
 [ 5 10 12  0]
 [ 9 13 14 11]]
Step 2:
 [[ 2  3 15  7]
 [ 1  6  8  4]
 [ 5 10  0 12]
 [ 9 13 14 11]]
Step 3:
 [[ 2  3 15  7]
 [ 1  6  0  4]
 [ 5 10  8 12]
 [ 9 13 14 11]]
Step 4:
 [[ 2  3  0  7]
 [ 1  6 15  4]
 [ 5 10  8 12]
 [ 9 13 14 11]]
Step 5:
 [[ 2  3  7  0]
 [ 1  6 15  4]
 [ 5 10  8 12]
 [ 9 13 14 11]]
Step 6:
 [[ 2  3  7  4]
 [ 1  6 15  0]
 [ 5 10  8 12]
 [ 9 13 14 11]]
Step 7:
 [[ 2  3  7  4]
 [ 1  6  0 15]
 [ 5 10  8 12]
 [ 9 13 14 11]]
Step 8:
 [[ 2  3  7  4]
 [ 1  6  8 15]
 [ 5 10  0 12]
 [ 9 13 14 11]]
Step 9:
 [[ 2  3  7  4]
 [ 1  6  8 15]
 [ 5 10 12  0]
 [ 9 13 14 11]]
Step 10:
 [[ 2  3  7  4]
 [ 1  6  8  0]
 [ 5 10 12 15]
 [ 9 13 14 11]]
Step 11:
 [[ 2  3  7  4]
 [ 1  6  0  8]
 [ 5 10 12 15]
 [ 9 13 14 11]]
Step 12:
 [[ 2  3  0  4]
 [ 1  6  7  8]
 [ 5 10 12 15]
 [ 9 13 14 11]]
Step 13:
 [[ 2  0  3  4]
 [ 1  6  7  8]
 [ 5 10 12 15]
 [ 9 13 14 11]]
Step 14:
 [[ 0  2  3  4]
 [ 1  6  7  8]
 [ 5 10 12 15]
 [ 9 13 14 11]]
Step 15:
 [[ 1  2  3  4]
 [ 0  6  7  8]
 [ 5 10 12 15]
 [ 9 13 14 11]]
Step 16:
 [[ 1  2  3  4]
 [ 5  6  7  8]
 [ 0 10 12 15]
 [ 9 13 14 11]]
Step 17:
 [[ 1  2  3  4]
 [ 5  6  7  8]
 [ 9 10 12 15]
 [ 0 13 14 11]]
Step 18:
 [[ 1  2  3  4]
 [ 5  6  7  8]
 [ 9 10 12 15]
 [13  0 14 11]]
Step 19:
 [[ 1  2  3  4]
 [ 5  6  7  8]
 [ 9 10 12 15]
 [13 14  0 11]]
Step 20:
 [[ 1  2  3  4]
 [ 5  6  7  8]
 [ 9 10 12 15]
 [13 14 11  0]]
Step 21:
 [[ 1  2  3  4]
 [ 5  6  7  8]
 [ 9 10 12  0]
 [13 14 11 15]]
Step 22:
 [[ 1  2  3  4]
 [ 5  6  7  8]
 [ 9 10  0 12]
 [13 14 11 15]]
Step 23:
 [[ 1  2  3  4]
 [ 5  6  7  8]
 [ 9 10 11 12]
 [13 14  0 15]]
Step 24:
 [[ 1  2  3  4]
 [ 5  6  7  8]
 [ 9 10 11 12]
 [13 14 15  0]]
Neural time 0.4280111789703369; total step: 24 
