Step 0:
 [[ 0  2 15  4]
 [ 1  6  3  8]
 [ 5 10  7 11]
 [ 9 13 14 12]]
Step 1:
 [[ 2  0 15  4]
 [ 1  6  3  8]
 [ 5 10  7 11]
 [ 9 13 14 12]]
Step 2:
 [[ 2 15  0  4]
 [ 1  6  3  8]
 [ 5 10  7 11]
 [ 9 13 14 12]]
Step 3:
 [[ 2 15  3  4]
 [ 1  6  0  8]
 [ 5 10  7 11]
 [ 9 13 14 12]]
Step 4:
 [[ 2 15  3  4]
 [ 1  0  6  8]
 [ 5 10  7 11]
 [ 9 13 14 12]]
Step 5:
 [[ 2  0  3  4]
 [ 1 15  6  8]
 [ 5 10  7 11]
 [ 9 13 14 12]]
Step 6:
 [[ 0  2  3  4]
 [ 1 15  6  8]
 [ 5 10  7 11]
 [ 9 13 14 12]]
Step 7:
 [[ 1  2  3  4]
 [ 0 15  6  8]
 [ 5 10  7 11]
 [ 9 13 14 12]]
Step 8:
 [[ 1  2  3  4]
 [ 5 15  6  8]
 [ 0 10  7 11]
 [ 9 13 14 12]]
Step 9:
 [[ 1  2  3  4]
 [ 5 15  6  8]
 [10  0  7 11]
 [ 9 13 14 12]]
Step 10:
 [[ 1  2  3  4]
 [ 5  0  6  8]
 [10 15  7 11]
 [ 9 13 14 12]]
Step 11:
 [[ 1  2  3  4]
 [ 5  6  0  8]
 [10 15  7 11]
 [ 9 13 14 12]]
Step 12:
 [[ 1  2  3  4]
 [ 5  6  7  8]
 [10 15  0 11]
 [ 9 13 14 12]]
Step 13:
 [[ 1  2  3  4]
 [ 5  6  7  8]
 [10  0 15 11]
 [ 9 13 14 12]]
Step 14:
 [[ 1  2  3  4]
 [ 5  6  7  8]
 [ 0 10 15 11]
 [ 9 13 14 12]]
Step 15:
 [[ 1  2  3  4]
 [ 5  6  7  8]
 [ 9 10 15 11]
 [ 0 13 14 12]]
Step 16:
 [[ 1  2  3  4]
 [ 5  6  7  8]
 [ 9 10 15 11]
 [13  0 14 12]]
Step 17:
 [[ 1  2  3  4]
 [ 5  6  7  8]
 [ 9 10 15 11]
 [13 14  0 12]]
Step 18:
 [[ 1  2  3  4]
 [ 5  6  7  8]
 [ 9 10  0 11]
 [13 14 15 12]]
Step 19:
 [[ 1  2  3  4]
 [ 5  6  7  8]
 [ 9 10 11  0]
 [13 14 15 12]]
Step 20:
 [[ 1  2  3  4]
 [ 5  6  7  8]
 [ 9 10 11 12]
 [13 14 15  0]]
Neural time 0.40975379943847656; total step: 20 
