Step 0:
 [[ 5  1  6  2]
 [ 9  4  7  3]
 [ 0 14  8 11]
 [10 13 15 12]]
Step 1:
 [[ 5  1  6  2]
 [ 9  4  7  3]
 [10 14  8 11]
 [ 0 13 15 12]]
Step 2:
 [[ 5  1  6  2]
 [ 9  4  7  3]
 [10 14  8 11]
 [13  0 15 12]]
Step 3:
 [[ 5  1  6  2]
 [ 9  4  7  3]
 [10  0  8 11]
 [13 14 15 12]]
Step 4:
 [[ 5  1  6  2]
 [ 9  4  7  3]
 [10  8  0 11]
 [13 14 15 12]]
Step 5:
 [[ 5  1  6  2]
 [ 9  4  0  3]
 [10  8  7 11]
 [13 14 15 12]]
Step 6:
 [[ 5  1  6  2]
 [ 9  0  4  3]
 [10  8  7 11]
 [13 14 15 12]]
Step 7:
 [[ 5  1  6  2]
 [ 9  8  4  3]
 [10  0  7 11]
 [13 14 15 12]]
Step 8:
 [[ 5  1  6  2]
 [ 9  8  4  3]
 [ 0 10  7 11]
 [13 14 15 12]]
Step 9:
 [[ 5  1  6  2]
 [ 0  8  4  3]
 [ 9 10  7 11]
 [13 14 15 12]]
Step 10:
 [[ 0  1  6  2]
 [ 5  8  4  3]
 [ 9 10  7 11]
 [13 14 15 12]]
Step 11:
 [[ 1  0  6  2]
 [ 5  8  4  3]
 [ 9 10  7 11]
 [13 14 15 12]]
Step 12:
 [[ 1  6  0  2]
 [ 5  8  4  3]
 [ 9 10  7 11]
 [13 14 15 12]]
Step 13:
 [[ 1  6  2  0]
 [ 5  8  4  3]
 [ 9 10  7 11]
 [13 14 15 12]]
Step 14:
 [[ 1  6  2  3]
 [ 5  8  4  0]
 [ 9 10  7 11]
 [13 14 15 12]]
Step 15:
 [[ 1  6  2  3]
 [ 5  8  0  4]
 [ 9 10  7 11]
 [13 14 15 12]]
Step 16:
 [[ 1  6  2  3]
 [ 5  0  8  4]
 [ 9 10  7 11]
 [13 14 15 12]]
Step 17:
 [[ 1  0  2  3]
 [ 5  6  8  4]
 [ 9 10  7 11]
 [13 14 15 12]]
Step 18:
 [[ 1  2  0  3]
 [ 5  6  8  4]
 [ 9 10  7 11]
 [13 14 15 12]]
Step 19:
 [[ 1  2  3  0]
 [ 5  6  8  4]
 [ 9 10  7 11]
 [13 14 15 12]]
Step 20:
 [[ 1  2  3  4]
 [ 5  6  8  0]
 [ 9 10  7 11]
 [13 14 15 12]]
Step 21:
 [[ 1  2  3  4]
 [ 5  6  0  8]
 [ 9 10  7 11]
 [13 14 15 12]]
Step 22:
 [[ 1  2  3  4]
 [ 5  6  7  8]
 [ 9 10  0 11]
 [13 14 15 12]]
Step 23:
 [[ 1  2  3  4]
 [ 5  6  7  8]
 [ 9 10 11  0]
 [13 14 15 12]]
Step 24:
 [[ 1  2  3  4]
 [ 5  6  7  8]
 [ 9 10 11 12]
 [13 14 15  0]]
Neural time 0.09151411056518555; total step: 24 
