Step 0:
 [[ 1  6  2  3]
 [13 11  7  4]
 [10 12 14  8]
 [ 5  0  9 15]]
Step 1:
 [[ 1  6  2  3]
 [13 11  7  4]
 [10 12 14  8]
 [ 5  9  0 15]]
Step 2:
 [[ 1  6  2  3]
 [13 11  7  4]
 [10 12  0  8]
 [ 5  9 14 15]]
Step 3:
 [[ 1  6  2  3]
 [13 11  7  4]
 [10  0 12  8]
 [ 5  9 14 15]]
Step 4:
 [[ 1  6  2  3]
 [13  0  7  4]
 [10 11 12  8]
 [ 5  9 14 15]]
Step 5:
 [[ 1  0  2  3]
 [13  6  7  4]
 [10 11 12  8]
 [ 5  9 14 15]]
Step 6:
 [[ 1  2  0  3]
 [13  6  7  4]
 [10 11 12  8]
 [ 5  9 14 15]]
Step 7:
 [[ 1  2  3  0]
 [13  6  7  4]
 [10 11 12  8]
 [ 5  9 14 15]]
Step 8:
 [[ 1  2  3  4]
 [13  6  7  0]
 [10 11 12  8]
 [ 5  9 14 15]]
Step 9:
 [[ 1  2  3  4]
 [13  6  7  8]
 [10 11 12  0]
 [ 5  9 14 15]]
Step 10:
 [[ 1  2  3  4]
 [13  6  7  8]
 [10 11  0 12]
 [ 5  9 14 15]]
Step 11:
 [[ 1  2  3  4]
 [13  6  7  8]
 [10  0 11 12]
 [ 5  9 14 15]]
Step 12:
 [[ 1  2  3  4]
 [13  6  7  8]
 [ 0 10 11 12]
 [ 5  9 14 15]]
Step 13:
 [[ 1  2  3  4]
 [ 0  6  7  8]
 [13 10 11 12]
 [ 5  9 14 15]]
Step 14:
 [[ 1  2  3  4]
 [ 6  0  7  8]
 [13 10 11 12]
 [ 5  9 14 15]]
Step 15:
 [[ 1  2  3  4]
 [ 6 10  7  8]
 [13  0 11 12]
 [ 5  9 14 15]]
Step 16:
 [[ 1  2  3  4]
 [ 6 10  7  8]
 [ 0 13 11 12]
 [ 5  9 14 15]]
Step 17:
 [[ 1  2  3  4]
 [ 6 10  7  8]
 [ 5 13 11 12]
 [ 0  9 14 15]]
Step 18:
 [[ 1  2  3  4]
 [ 6 10  7  8]
 [ 5 13 11 12]
 [ 9  0 14 15]]
Step 19:
 [[ 1  2  3  4]
 [ 6 10  7  8]
 [ 5  0 11 12]
 [ 9 13 14 15]]
Step 20:
 [[ 1  2  3  4]
 [ 6  0  7  8]
 [ 5 10 11 12]
 [ 9 13 14 15]]
Step 21:
 [[ 1  2  3  4]
 [ 0  6  7  8]
 [ 5 10 11 12]
 [ 9 13 14 15]]
Step 22:
 [[ 1  2  3  4]
 [ 5  6  7  8]
 [ 0 10 11 12]
 [ 9 13 14 15]]
Step 23:
 [[ 1  2  3  4]
 [ 5  6  7  8]
 [ 9 10 11 12]
 [ 0 13 14 15]]
Step 24:
 [[ 1  2  3  4]
 [ 5  6  7  8]
 [ 9 10 11 12]
 [13  0 14 15]]
Step 25:
 [[ 1  2  3  4]
 [ 5  6  7  8]
 [ 9 10 11 12]
 [13 14  0 15]]
Step 26:
 [[ 1  2  3  4]
 [ 5  6  7  8]
 [ 9 10 11 12]
 [13 14 15  0]]
Neural time 3.0000901222229004; total step: 26 
