Step 0:
 [[ 2  6  4  8]
 [ 1 13  7  3]
 [10 11  0 15]
 [ 9  5 12 14]]
Step 1:
 [[ 2  6  4  8]
 [ 1 13  0  3]
 [10 11  7 15]
 [ 9  5 12 14]]
Step 2:
 [[ 2  6  4  8]
 [ 1 13  3  0]
 [10 11  7 15]
 [ 9  5 12 14]]
Step 3:
 [[ 2  6  4  0]
 [ 1 13  3  8]
 [10 11  7 15]
 [ 9  5 12 14]]
Step 4:
 [[ 2  6  0  4]
 [ 1 13  3  8]
 [10 11  7 15]
 [ 9  5 12 14]]
Step 5:
 [[ 2  6  3  4]
 [ 1 13  0  8]
 [10 11  7 15]
 [ 9  5 12 14]]
Step 6:
 [[ 2  6  3  4]
 [ 1 13  7  8]
 [10 11  0 15]
 [ 9  5 12 14]]
Step 7:
 [[ 2  6  3  4]
 [ 1 13  7  8]
 [10 11 12 15]
 [ 9  5  0 14]]
Step 8:
 [[ 2  6  3  4]
 [ 1 13  7  8]
 [10 11 12 15]
 [ 9  5 14  0]]
Step 9:
 [[ 2  6  3  4]
 [ 1 13  7  8]
 [10 11 12  0]
 [ 9  5 14 15]]
Step 10:
 [[ 2  6  3  4]
 [ 1 13  7  8]
 [10 11  0 12]
 [ 9  5 14 15]]
Step 11:
 [[ 2  6  3  4]
 [ 1 13  7  8]
 [10  0 11 12]
 [ 9  5 14 15]]
Step 12:
 [[ 2  6  3  4]
 [ 1 13  7  8]
 [10  5 11 12]
 [ 9  0 14 15]]
Step 13:
 [[ 2  6  3  4]
 [ 1 13  7  8]
 [10  5 11 12]
 [ 0  9 14 15]]
Step 14:
 [[ 2  6  3  4]
 [ 1 13  7  8]
 [ 0  5 11 12]
 [10  9 14 15]]
Step 15:
 [[ 2  6  3  4]
 [ 1 13  7  8]
 [ 5  0 11 12]
 [10  9 14 15]]
Step 16:
 [[ 2  6  3  4]
 [ 1  0  7  8]
 [ 5 13 11 12]
 [10  9 14 15]]
Step 17:
 [[ 2  0  3  4]
 [ 1  6  7  8]
 [ 5 13 11 12]
 [10  9 14 15]]
Step 18:
 [[ 0  2  3  4]
 [ 1  6  7  8]
 [ 5 13 11 12]
 [10  9 14 15]]
Step 19:
 [[ 1  2  3  4]
 [ 0  6  7  8]
 [ 5 13 11 12]
 [10  9 14 15]]
Step 20:
 [[ 1  2  3  4]
 [ 5  6  7  8]
 [ 0 13 11 12]
 [10  9 14 15]]
Step 21:
 [[ 1  2  3  4]
 [ 5  6  7  8]
 [10 13 11 12]
 [ 0  9 14 15]]
Step 22:
 [[ 1  2  3  4]
 [ 5  6  7  8]
 [10 13 11 12]
 [ 9  0 14 15]]
Step 23:
 [[ 1  2  3  4]
 [ 5  6  7  8]
 [10  0 11 12]
 [ 9 13 14 15]]
Step 24:
 [[ 1  2  3  4]
 [ 5  6  7  8]
 [ 0 10 11 12]
 [ 9 13 14 15]]
Step 25:
 [[ 1  2  3  4]
 [ 5  6  7  8]
 [ 9 10 11 12]
 [ 0 13 14 15]]
Step 26:
 [[ 1  2  3  4]
 [ 5  6  7  8]
 [ 9 10 11 12]
 [13  0 14 15]]
Step 27:
 [[ 1  2  3  4]
 [ 5  6  7  8]
 [ 9 10 11 12]
 [13 14  0 15]]
Step 28:
 [[ 1  2  3  4]
 [ 5  6  7  8]
 [ 9 10 11 12]
 [13 14 15  0]]
Neural time 1.1308908462524414; total step: 28 
