Step 0:
 [[ 5  2  4  7]
 [10  1  3  0]
 [ 6 15 13  8]
 [ 9 14 12 11]]
Step 1:
 [[ 5  2  4  0]
 [10  1  3  7]
 [ 6 15 13  8]
 [ 9 14 12 11]]
Step 2:
 [[ 5  2  0  4]
 [10  1  3  7]
 [ 6 15 13  8]
 [ 9 14 12 11]]
Step 3:
 [[ 5  0  2  4]
 [10  1  3  7]
 [ 6 15 13  8]
 [ 9 14 12 11]]
Step 4:
 [[ 5  1  2  4]
 [10  0  3  7]
 [ 6 15 13  8]
 [ 9 14 12 11]]
Step 5:
 [[ 5  1  2  4]
 [10 15  3  7]
 [ 6  0 13  8]
 [ 9 14 12 11]]
Step 6:
 [[ 5  1  2  4]
 [10 15  3  7]
 [ 0  6 13  8]
 [ 9 14 12 11]]
Step 7:
 [[ 5  1  2  4]
 [ 0 15  3  7]
 [10  6 13  8]
 [ 9 14 12 11]]
Step 8:
 [[ 0  1  2  4]
 [ 5 15  3  7]
 [10  6 13  8]
 [ 9 14 12 11]]
Step 9:
 [[ 1  0  2  4]
 [ 5 15  3  7]
 [10  6 13  8]
 [ 9 14 12 11]]
Step 10:
 [[ 1  2  0  4]
 [ 5 15  3  7]
 [10  6 13  8]
 [ 9 14 12 11]]
Step 11:
 [[ 1  2  3  4]
 [ 5 15  0  7]
 [10  6 13  8]
 [ 9 14 12 11]]
Step 12:
 [[ 1  2  3  4]
 [ 5  0 15  7]
 [10  6 13  8]
 [ 9 14 12 11]]
Step 13:
 [[ 1  2  3  4]
 [ 5  6 15  7]
 [10  0 13  8]
 [ 9 14 12 11]]
Step 14:
 [[ 1  2  3  4]
 [ 5  6 15  7]
 [10 13  0  8]
 [ 9 14 12 11]]
Step 15:
 [[ 1  2  3  4]
 [ 5  6  0  7]
 [10 13 15  8]
 [ 9 14 12 11]]
Step 16:
 [[ 1  2  3  4]
 [ 5  6  7  0]
 [10 13 15  8]
 [ 9 14 12 11]]
Step 17:
 [[ 1  2  3  4]
 [ 5  6  7  8]
 [10 13 15  0]
 [ 9 14 12 11]]
Step 18:
 [[ 1  2  3  4]
 [ 5  6  7  8]
 [10 13 15 11]
 [ 9 14 12  0]]
Step 19:
 [[ 1  2  3  4]
 [ 5  6  7  8]
 [10 13 15 11]
 [ 9 14  0 12]]
Step 20:
 [[ 1  2  3  4]
 [ 5  6  7  8]
 [10 13 15 11]
 [ 9  0 14 12]]
Step 21:
 [[ 1  2  3  4]
 [ 5  6  7  8]
 [10  0 15 11]
 [ 9 13 14 12]]
Step 22:
 [[ 1  2  3  4]
 [ 5  6  7  8]
 [ 0 10 15 11]
 [ 9 13 14 12]]
Step 23:
 [[ 1  2  3  4]
 [ 5  6  7  8]
 [ 9 10 15 11]
 [ 0 13 14 12]]
Step 24:
 [[ 1  2  3  4]
 [ 5  6  7  8]
 [ 9 10 15 11]
 [13  0 14 12]]
Step 25:
 [[ 1  2  3  4]
 [ 5  6  7  8]
 [ 9 10 15 11]
 [13 14  0 12]]
Step 26:
 [[ 1  2  3  4]
 [ 5  6  7  8]
 [ 9 10  0 11]
 [13 14 15 12]]
Step 27:
 [[ 1  2  3  4]
 [ 5  6  7  8]
 [ 9 10 11  0]
 [13 14 15 12]]
Step 28:
 [[ 1  2  3  4]
 [ 5  6  7  8]
 [ 9 10 11 12]
 [13 14 15  0]]
Neural time 1.4627001285552979; total step: 28 
