Step 0:
 [[ 5  1  7  6]
 [ 9  4 12  3]
 [10  2  0  8]
 [13 14 11 15]]
Step 1:
 [[ 5  1  7  6]
 [ 9  4  0  3]
 [10  2 12  8]
 [13 14 11 15]]
Step 2:
 [[ 5  1  7  6]
 [ 9  0  4  3]
 [10  2 12  8]
 [13 14 11 15]]
Step 3:
 [[ 5  1  7  6]
 [ 9  2  4  3]
 [10  0 12  8]
 [13 14 11 15]]
Step 4:
 [[ 5  1  7  6]
 [ 9  2  4  3]
 [ 0 10 12  8]
 [13 14 11 15]]
Step 5:
 [[ 5  1  7  6]
 [ 0  2  4  3]
 [ 9 10 12  8]
 [13 14 11 15]]
Step 6:
 [[ 0  1  7  6]
 [ 5  2  4  3]
 [ 9 10 12  8]
 [13 14 11 15]]
Step 7:
 [[ 1  0  7  6]
 [ 5  2  4  3]
 [ 9 10 12  8]
 [13 14 11 15]]
Step 8:
 [[ 1  7  0  6]
 [ 5  2  4  3]
 [ 9 10 12  8]
 [13 14 11 15]]
Step 9:
 [[ 1  7  6  0]
 [ 5  2  4  3]
 [ 9 10 12  8]
 [13 14 11 15]]
Step 10:
 [[ 1  7  6  3]
 [ 5  2  4  0]
 [ 9 10 12  8]
 [13 14 11 15]]
Step 11:
 [[ 1  7  6  3]
 [ 5  2  0  4]
 [ 9 10 12  8]
 [13 14 11 15]]
Step 12:
 [[ 1  7  0  3]
 [ 5  2  6  4]
 [ 9 10 12  8]
 [13 14 11 15]]
Step 13:
 [[ 1  0  7  3]
 [ 5  2  6  4]
 [ 9 10 12  8]
 [13 14 11 15]]
Step 14:
 [[ 1  2  7  3]
 [ 5  0  6  4]
 [ 9 10 12  8]
 [13 14 11 15]]
Step 15:
 [[ 1  2  7  3]
 [ 5  6  0  4]
 [ 9 10 12  8]
 [13 14 11 15]]
Step 16:
 [[ 1  2  0  3]
 [ 5  6  7  4]
 [ 9 10 12  8]
 [13 14 11 15]]
Step 17:
 [[ 1  2  3  0]
 [ 5  6  7  4]
 [ 9 10 12  8]
 [13 14 11 15]]
Step 18:
 [[ 1  2  3  4]
 [ 5  6  7  0]
 [ 9 10 12  8]
 [13 14 11 15]]
Step 19:
 [[ 1  2  3  4]
 [ 5  6  7  8]
 [ 9 10 12  0]
 [13 14 11 15]]
Step 20:
 [[ 1  2  3  4]
 [ 5  6  7  8]
 [ 9 10  0 12]
 [13 14 11 15]]
Step 21:
 [[ 1  2  3  4]
 [ 5  6  7  8]
 [ 9 10 11 12]
 [13 14  0 15]]
Step 22:
 [[ 1  2  3  4]
 [ 5  6  7  8]
 [ 9 10 11 12]
 [13 14 15  0]]
Neural time 0.10696029663085938; total step: 22 
