Step 0:
 [[ 9  2  0  5]
 [13  1  7  3]
 [11 14  8  4]
 [10  6 15 12]]
Step 1:
 [[ 9  2  5  0]
 [13  1  7  3]
 [11 14  8  4]
 [10  6 15 12]]
Step 2:
 [[ 9  2  5  3]
 [13  1  7  0]
 [11 14  8  4]
 [10  6 15 12]]
Step 3:
 [[ 9  2  5  3]
 [13  1  7  4]
 [11 14  8  0]
 [10  6 15 12]]
Step 4:
 [[ 9  2  5  3]
 [13  1  7  4]
 [11 14  0  8]
 [10  6 15 12]]
Step 5:
 [[ 9  2  5  3]
 [13  1  7  4]
 [11  0 14  8]
 [10  6 15 12]]
Step 6:
 [[ 9  2  5  3]
 [13  1  7  4]
 [ 0 11 14  8]
 [10  6 15 12]]
Step 7:
 [[ 9  2  5  3]
 [ 0  1  7  4]
 [13 11 14  8]
 [10  6 15 12]]
Step 8:
 [[ 0  2  5  3]
 [ 9  1  7  4]
 [13 11 14  8]
 [10  6 15 12]]
Step 9:
 [[ 2  0  5  3]
 [ 9  1  7  4]
 [13 11 14  8]
 [10  6 15 12]]
Step 10:
 [[ 2  5  0  3]
 [ 9  1  7  4]
 [13 11 14  8]
 [10  6 15 12]]
Step 11:
 [[ 2  5  3  0]
 [ 9  1  7  4]
 [13 11 14  8]
 [10  6 15 12]]
Step 12:
 [[ 2  5  3  4]
 [ 9  1  7  0]
 [13 11 14  8]
 [10  6 15 12]]
Step 13:
 [[ 2  5  3  4]
 [ 9  1  7  8]
 [13 11 14  0]
 [10  6 15 12]]
Step 14:
 [[ 2  5  3  4]
 [ 9  1  7  8]
 [13 11 14 12]
 [10  6 15  0]]
Step 15:
 [[ 2  5  3  4]
 [ 9  1  7  8]
 [13 11 14 12]
 [10  6  0 15]]
Step 16:
 [[ 2  5  3  4]
 [ 9  1  7  8]
 [13 11  0 12]
 [10  6 14 15]]
Step 17:
 [[ 2  5  3  4]
 [ 9  1  7  8]
 [13  0 11 12]
 [10  6 14 15]]
Step 18:
 [[ 2  5  3  4]
 [ 9  1  7  8]
 [13  6 11 12]
 [10  0 14 15]]
Step 19:
 [[ 2  5  3  4]
 [ 9  1  7  8]
 [13  6 11 12]
 [ 0 10 14 15]]
Step 20:
 [[ 2  5  3  4]
 [ 9  1  7  8]
 [ 0  6 11 12]
 [13 10 14 15]]
Step 21:
 [[ 2  5  3  4]
 [ 0  1  7  8]
 [ 9  6 11 12]
 [13 10 14 15]]
Step 22:
 [[ 2  5  3  4]
 [ 1  0  7  8]
 [ 9  6 11 12]
 [13 10 14 15]]
Step 23:
 [[ 2  0  3  4]
 [ 1  5  7  8]
 [ 9  6 11 12]
 [13 10 14 15]]
Step 24:
 [[ 0  2  3  4]
 [ 1  5  7  8]
 [ 9  6 11 12]
 [13 10 14 15]]
Step 25:
 [[ 1  2  3  4]
 [ 0  5  7  8]
 [ 9  6 11 12]
 [13 10 14 15]]
Step 26:
 [[ 1  2  3  4]
 [ 5  0  7  8]
 [ 9  6 11 12]
 [13 10 14 15]]
Step 27:
 [[ 1  2  3  4]
 [ 5  6  7  8]
 [ 9  0 11 12]
 [13 10 14 15]]
Step 28:
 [[ 1  2  3  4]
 [ 5  6  7  8]
 [ 9 10 11 12]
 [13  0 14 15]]
Step 29:
 [[ 1  2  3  4]
 [ 5  6  7  8]
 [ 9 10 11 12]
 [13 14  0 15]]
Step 30:
 [[ 1  2  3  4]
 [ 5  6  7  8]
 [ 9 10 11 12]
 [13 14 15  0]]
Neural time 0.2519218921661377; total step: 30 
