Step 0:
 [[ 2  6  3  4]
 [ 1 15  7  8]
 [ 5  9  0 10]
 [14 12 13 11]]
Step 1:
 [[ 2  6  3  4]
 [ 1 15  7  8]
 [ 5  9 13 10]
 [14 12  0 11]]
Step 2:
 [[ 2  6  3  4]
 [ 1 15  7  8]
 [ 5  9 13 10]
 [14  0 12 11]]
Step 3:
 [[ 2  6  3  4]
 [ 1 15  7  8]
 [ 5  0 13 10]
 [14  9 12 11]]
Step 4:
 [[ 2  6  3  4]
 [ 1  0  7  8]
 [ 5 15 13 10]
 [14  9 12 11]]
Step 5:
 [[ 2  0  3  4]
 [ 1  6  7  8]
 [ 5 15 13 10]
 [14  9 12 11]]
Step 6:
 [[ 0  2  3  4]
 [ 1  6  7  8]
 [ 5 15 13 10]
 [14  9 12 11]]
Step 7:
 [[ 1  2  3  4]
 [ 0  6  7  8]
 [ 5 15 13 10]
 [14  9 12 11]]
Step 8:
 [[ 1  2  3  4]
 [ 5  6  7  8]
 [ 0 15 13 10]
 [14  9 12 11]]
Step 9:
 [[ 1  2  3  4]
 [ 5  6  7  8]
 [14 15 13 10]
 [ 0  9 12 11]]
Step 10:
 [[ 1  2  3  4]
 [ 5  6  7  8]
 [14 15 13 10]
 [ 9  0 12 11]]
Step 11:
 [[ 1  2  3  4]
 [ 5  6  7  8]
 [14  0 13 10]
 [ 9 15 12 11]]
Step 12:
 [[ 1  2  3  4]
 [ 5  6  7  8]
 [14 13  0 10]
 [ 9 15 12 11]]
Step 13:
 [[ 1  2  3  4]
 [ 5  6  7  8]
 [14 13 10  0]
 [ 9 15 12 11]]
Step 14:
 [[ 1  2  3  4]
 [ 5  6  7  8]
 [14 13 10 11]
 [ 9 15 12  0]]
Step 15:
 [[ 1  2  3  4]
 [ 5  6  7  8]
 [14 13 10 11]
 [ 9 15  0 12]]
Step 16:
 [[ 1  2  3  4]
 [ 5  6  7  8]
 [14 13 10 11]
 [ 9  0 15 12]]
Step 17:
 [[ 1  2  3  4]
 [ 5  6  7  8]
 [14  0 10 11]
 [ 9 13 15 12]]
Step 18:
 [[ 1  2  3  4]
 [ 5  6  7  8]
 [ 0 14 10 11]
 [ 9 13 15 12]]
Step 19:
 [[ 1  2  3  4]
 [ 5  6  7  8]
 [ 9 14 10 11]
 [ 0 13 15 12]]
Step 20:
 [[ 1  2  3  4]
 [ 5  6  7  8]
 [ 9 14 10 11]
 [13  0 15 12]]
Step 21:
 [[ 1  2  3  4]
 [ 5  6  7  8]
 [ 9  0 10 11]
 [13 14 15 12]]
Step 22:
 [[ 1  2  3  4]
 [ 5  6  7  8]
 [ 9 10  0 11]
 [13 14 15 12]]
Step 23:
 [[ 1  2  3  4]
 [ 5  6  7  8]
 [ 9 10 11  0]
 [13 14 15 12]]
Step 24:
 [[ 1  2  3  4]
 [ 5  6  7  8]
 [ 9 10 11 12]
 [13 14 15  0]]
Neural time 0.2330610752105713; total step: 24 
