Step 0:
 [[ 5 11  4  2]
 [ 9  1  3  7]
 [ 6 10  8 12]
 [13  0 14 15]]
Step 1:
 [[ 5 11  4  2]
 [ 9  1  3  7]
 [ 6 10  8 12]
 [13 14  0 15]]
Step 2:
 [[ 5 11  4  2]
 [ 9  1  3  7]
 [ 6 10  8 12]
 [13 14 15  0]]
Step 3:
 [[ 5 11  4  2]
 [ 9  1  3  7]
 [ 6 10  8  0]
 [13 14 15 12]]
Step 4:
 [[ 5 11  4  2]
 [ 9  1  3  0]
 [ 6 10  8  7]
 [13 14 15 12]]
Step 5:
 [[ 5 11  4  0]
 [ 9  1  3  2]
 [ 6 10  8  7]
 [13 14 15 12]]
Step 6:
 [[ 5 11  0  4]
 [ 9  1  3  2]
 [ 6 10  8  7]
 [13 14 15 12]]
Step 7:
 [[ 5  0 11  4]
 [ 9  1  3  2]
 [ 6 10  8  7]
 [13 14 15 12]]
Step 8:
 [[ 5  1 11  4]
 [ 9  0  3  2]
 [ 6 10  8  7]
 [13 14 15 12]]
Step 9:
 [[ 5  1 11  4]
 [ 9  3  0  2]
 [ 6 10  8  7]
 [13 14 15 12]]
Step 10:
 [[ 5  1 11  4]
 [ 9  3  2  0]
 [ 6 10  8  7]
 [13 14 15 12]]
Step 11:
 [[ 5  1 11  4]
 [ 9  3  2  7]
 [ 6 10  8  0]
 [13 14 15 12]]
Step 12:
 [[ 5  1 11  4]
 [ 9  3  2  7]
 [ 6 10  0  8]
 [13 14 15 12]]
Step 13:
 [[ 5  1 11  4]
 [ 9  3  2  7]
 [ 6  0 10  8]
 [13 14 15 12]]
Step 14:
 [[ 5  1 11  4]
 [ 9  3  2  7]
 [ 0  6 10  8]
 [13 14 15 12]]
Step 15:
 [[ 5  1 11  4]
 [ 0  3  2  7]
 [ 9  6 10  8]
 [13 14 15 12]]
Step 16:
 [[ 0  1 11  4]
 [ 5  3  2  7]
 [ 9  6 10  8]
 [13 14 15 12]]
Step 17:
 [[ 1  0 11  4]
 [ 5  3  2  7]
 [ 9  6 10  8]
 [13 14 15 12]]
Step 18:
 [[ 1  3 11  4]
 [ 5  0  2  7]
 [ 9  6 10  8]
 [13 14 15 12]]
Step 19:
 [[ 1  3 11  4]
 [ 5  2  0  7]
 [ 9  6 10  8]
 [13 14 15 12]]
Step 20:
 [[ 1  3  0  4]
 [ 5  2 11  7]
 [ 9  6 10  8]
 [13 14 15 12]]
Step 21:
 [[ 1  0  3  4]
 [ 5  2 11  7]
 [ 9  6 10  8]
 [13 14 15 12]]
Step 22:
 [[ 1  2  3  4]
 [ 5  0 11  7]
 [ 9  6 10  8]
 [13 14 15 12]]
Step 23:
 [[ 1  2  3  4]
 [ 5  6 11  7]
 [ 9  0 10  8]
 [13 14 15 12]]
Step 24:
 [[ 1  2  3  4]
 [ 5  6 11  7]
 [ 9 10  0  8]
 [13 14 15 12]]
Step 25:
 [[ 1  2  3  4]
 [ 5  6  0  7]
 [ 9 10 11  8]
 [13 14 15 12]]
Step 26:
 [[ 1  2  3  4]
 [ 5  6  7  0]
 [ 9 10 11  8]
 [13 14 15 12]]
Step 27:
 [[ 1  2  3  4]
 [ 5  6  7  8]
 [ 9 10 11  0]
 [13 14 15 12]]
Step 28:
 [[ 1  2  3  4]
 [ 5  6  7  8]
 [ 9 10 11 12]
 [13 14 15  0]]
Neural time 3.083745002746582; total step: 28 
