Step 0:
 [[ 1 10  2  4]
 [ 9  5  8  0]
 [15  7 14 11]
 [13  6  3 12]]
Step 1:
 [[ 1 10  2  4]
 [ 9  5  0  8]
 [15  7 14 11]
 [13  6  3 12]]
Step 2:
 [[ 1 10  2  4]
 [ 9  5 14  8]
 [15  7  0 11]
 [13  6  3 12]]
Step 3:
 [[ 1 10  2  4]
 [ 9  5 14  8]
 [15  7  3 11]
 [13  6  0 12]]
Step 4:
 [[ 1 10  2  4]
 [ 9  5 14  8]
 [15  7  3 11]
 [13  0  6 12]]
Step 5:
 [[ 1 10  2  4]
 [ 9  5 14  8]
 [15  0  3 11]
 [13  7  6 12]]
Step 6:
 [[ 1 10  2  4]
 [ 9  5 14  8]
 [ 0 15  3 11]
 [13  7  6 12]]
Step 7:
 [[ 1 10  2  4]
 [ 0  5 14  8]
 [ 9 15  3 11]
 [13  7  6 12]]
Step 8:
 [[ 1 10  2  4]
 [ 5  0 14  8]
 [ 9 15  3 11]
 [13  7  6 12]]
Step 9:
 [[ 1 10  2  4]
 [ 5 14  0  8]
 [ 9 15  3 11]
 [13  7  6 12]]
Step 10:
 [[ 1 10  2  4]
 [ 5 14  3  8]
 [ 9 15  0 11]
 [13  7  6 12]]
Step 11:
 [[ 1 10  2  4]
 [ 5 14  3  8]
 [ 9 15  6 11]
 [13  7  0 12]]
Step 12:
 [[ 1 10  2  4]
 [ 5 14  3  8]
 [ 9 15  6 11]
 [13  0  7 12]]
Step 13:
 [[ 1 10  2  4]
 [ 5 14  3  8]
 [ 9  0  6 11]
 [13 15  7 12]]
Step 14:
 [[ 1 10  2  4]
 [ 5  0  3  8]
 [ 9 14  6 11]
 [13 15  7 12]]
Step 15:
 [[ 1  0  2  4]
 [ 5 10  3  8]
 [ 9 14  6 11]
 [13 15  7 12]]
Step 16:
 [[ 1  2  0  4]
 [ 5 10  3  8]
 [ 9 14  6 11]
 [13 15  7 12]]
Step 17:
 [[ 1  2  3  4]
 [ 5 10  0  8]
 [ 9 14  6 11]
 [13 15  7 12]]
Step 18:
 [[ 1  2  3  4]
 [ 5 10  6  8]
 [ 9 14  0 11]
 [13 15  7 12]]
Step 19:
 [[ 1  2  3  4]
 [ 5 10  6  8]
 [ 9 14  7 11]
 [13 15  0 12]]
Step 20:
 [[ 1  2  3  4]
 [ 5 10  6  8]
 [ 9 14  7 11]
 [13  0 15 12]]
Step 21:
 [[ 1  2  3  4]
 [ 5 10  6  8]
 [ 9  0  7 11]
 [13 14 15 12]]
Step 22:
 [[ 1  2  3  4]
 [ 5  0  6  8]
 [ 9 10  7 11]
 [13 14 15 12]]
Step 23:
 [[ 1  2  3  4]
 [ 5  6  0  8]
 [ 9 10  7 11]
 [13 14 15 12]]
Step 24:
 [[ 1  2  3  4]
 [ 5  6  7  8]
 [ 9 10  0 11]
 [13 14 15 12]]
Step 25:
 [[ 1  2  3  4]
 [ 5  6  7  8]
 [ 9 10 11  0]
 [13 14 15 12]]
Step 26:
 [[ 1  2  3  4]
 [ 5  6  7  8]
 [ 9 10 11 12]
 [13 14 15  0]]
Neural time 0.9050569534301758; total step: 26 
