Step 0:
 [[ 1  2  4 11]
 [ 5  0  6  3]
 [ 9 15 14 12]
 [13 10  8  7]]
Step 1:
 [[ 1  2  4 11]
 [ 5  6  0  3]
 [ 9 15 14 12]
 [13 10  8  7]]
Step 2:
 [[ 1  2  4 11]
 [ 5  6  3  0]
 [ 9 15 14 12]
 [13 10  8  7]]
Step 3:
 [[ 1  2  4  0]
 [ 5  6  3 11]
 [ 9 15 14 12]
 [13 10  8  7]]
Step 4:
 [[ 1  2  0  4]
 [ 5  6  3 11]
 [ 9 15 14 12]
 [13 10  8  7]]
Step 5:
 [[ 1  2  3  4]
 [ 5  6  0 11]
 [ 9 15 14 12]
 [13 10  8  7]]
Step 6:
 [[ 1  2  3  4]
 [ 5  6 14 11]
 [ 9 15  0 12]
 [13 10  8  7]]
Step 7:
 [[ 1  2  3  4]
 [ 5  6 14 11]
 [ 9 15 12  0]
 [13 10  8  7]]
Step 8:
 [[ 1  2  3  4]
 [ 5  6 14 11]
 [ 9 15 12  7]
 [13 10  8  0]]
Step 9:
 [[ 1  2  3  4]
 [ 5  6 14 11]
 [ 9 15 12  7]
 [13 10  0  8]]
Step 10:
 [[ 1  2  3  4]
 [ 5  6 14 11]
 [ 9 15  0  7]
 [13 10 12  8]]
Step 11:
 [[ 1  2  3  4]
 [ 5  6  0 11]
 [ 9 15 14  7]
 [13 10 12  8]]
Step 12:
 [[ 1  2  3  4]
 [ 5  6 11  0]
 [ 9 15 14  7]
 [13 10 12  8]]
Step 13:
 [[ 1  2  3  4]
 [ 5  6 11  7]
 [ 9 15 14  0]
 [13 10 12  8]]
Step 14:
 [[ 1  2  3  4]
 [ 5  6 11  7]
 [ 9 15 14  8]
 [13 10 12  0]]
Step 15:
 [[ 1  2  3  4]
 [ 5  6 11  7]
 [ 9 15 14  8]
 [13 10  0 12]]
Step 16:
 [[ 1  2  3  4]
 [ 5  6 11  7]
 [ 9 15  0  8]
 [13 10 14 12]]
Step 17:
 [[ 1  2  3  4]
 [ 5  6 11  7]
 [ 9  0 15  8]
 [13 10 14 12]]
Step 18:
 [[ 1  2  3  4]
 [ 5  6 11  7]
 [ 9 10 15  8]
 [13  0 14 12]]
Step 19:
 [[ 1  2  3  4]
 [ 5  6 11  7]
 [ 9 10 15  8]
 [13 14  0 12]]
Step 20:
 [[ 1  2  3  4]
 [ 5  6 11  7]
 [ 9 10  0  8]
 [13 14 15 12]]
Step 21:
 [[ 1  2  3  4]
 [ 5  6  0  7]
 [ 9 10 11  8]
 [13 14 15 12]]
Step 22:
 [[ 1  2  3  4]
 [ 5  6  7  0]
 [ 9 10 11  8]
 [13 14 15 12]]
Step 23:
 [[ 1  2  3  4]
 [ 5  6  7  8]
 [ 9 10 11  0]
 [13 14 15 12]]
Step 24:
 [[ 1  2  3  4]
 [ 5  6  7  8]
 [ 9 10 11 12]
 [13 14 15  0]]
Neural time 5.10458779335022; total step: 24 
