Step 0:
 [[ 2  7  0  6]
 [ 1  5  8  3]
 [ 9 10 12 15]
 [13 14 11  4]]
Step 1:
 [[ 2  7  6  0]
 [ 1  5  8  3]
 [ 9 10 12 15]
 [13 14 11  4]]
Step 2:
 [[ 2  7  6  3]
 [ 1  5  8  0]
 [ 9 10 12 15]
 [13 14 11  4]]
Step 3:
 [[ 2  7  6  3]
 [ 1  5  8 15]
 [ 9 10 12  0]
 [13 14 11  4]]
Step 4:
 [[ 2  7  6  3]
 [ 1  5  8 15]
 [ 9 10 12  4]
 [13 14 11  0]]
Step 5:
 [[ 2  7  6  3]
 [ 1  5  8 15]
 [ 9 10 12  4]
 [13 14  0 11]]
Step 6:
 [[ 2  7  6  3]
 [ 1  5  8 15]
 [ 9 10  0  4]
 [13 14 12 11]]
Step 7:
 [[ 2  7  6  3]
 [ 1  5  0 15]
 [ 9 10  8  4]
 [13 14 12 11]]
Step 8:
 [[ 2  7  0  3]
 [ 1  5  6 15]
 [ 9 10  8  4]
 [13 14 12 11]]
Step 9:
 [[ 2  0  7  3]
 [ 1  5  6 15]
 [ 9 10  8  4]
 [13 14 12 11]]
Step 10:
 [[ 0  2  7  3]
 [ 1  5  6 15]
 [ 9 10  8  4]
 [13 14 12 11]]
Step 11:
 [[ 1  2  7  3]
 [ 0  5  6 15]
 [ 9 10  8  4]
 [13 14 12 11]]
Step 12:
 [[ 1  2  7  3]
 [ 5  0  6 15]
 [ 9 10  8  4]
 [13 14 12 11]]
Step 13:
 [[ 1  2  7  3]
 [ 5  6  0 15]
 [ 9 10  8  4]
 [13 14 12 11]]
Step 14:
 [[ 1  2  7  3]
 [ 5  6 15  0]
 [ 9 10  8  4]
 [13 14 12 11]]
Step 15:
 [[ 1  2  7  3]
 [ 5  6 15  4]
 [ 9 10  8  0]
 [13 14 12 11]]
Step 16:
 [[ 1  2  7  3]
 [ 5  6 15  4]
 [ 9 10  0  8]
 [13 14 12 11]]
Step 17:
 [[ 1  2  7  3]
 [ 5  6  0  4]
 [ 9 10 15  8]
 [13 14 12 11]]
Step 18:
 [[ 1  2  0  3]
 [ 5  6  7  4]
 [ 9 10 15  8]
 [13 14 12 11]]
Step 19:
 [[ 1  2  3  0]
 [ 5  6  7  4]
 [ 9 10 15  8]
 [13 14 12 11]]
Step 20:
 [[ 1  2  3  4]
 [ 5  6  7  0]
 [ 9 10 15  8]
 [13 14 12 11]]
Step 21:
 [[ 1  2  3  4]
 [ 5  6  7  8]
 [ 9 10 15  0]
 [13 14 12 11]]
Step 22:
 [[ 1  2  3  4]
 [ 5  6  7  8]
 [ 9 10 15 11]
 [13 14 12  0]]
Step 23:
 [[ 1  2  3  4]
 [ 5  6  7  8]
 [ 9 10 15 11]
 [13 14  0 12]]
Step 24:
 [[ 1  2  3  4]
 [ 5  6  7  8]
 [ 9 10  0 11]
 [13 14 15 12]]
Step 25:
 [[ 1  2  3  4]
 [ 5  6  7  8]
 [ 9 10 11  0]
 [13 14 15 12]]
Step 26:
 [[ 1  2  3  4]
 [ 5  6  7  8]
 [ 9 10 11 12]
 [13 14 15  0]]
Neural time 17.78653597831726; total step: 26 
