Step 0:
 [[ 7  6  3  1]
 [ 9  0  5  2]
 [14 13  4  8]
 [10 15 11 12]]
Step 1:
 [[ 7  6  3  1]
 [ 9  5  0  2]
 [14 13  4  8]
 [10 15 11 12]]
Step 2:
 [[ 7  6  0  1]
 [ 9  5  3  2]
 [14 13  4  8]
 [10 15 11 12]]
Step 3:
 [[ 7  6  1  0]
 [ 9  5  3  2]
 [14 13  4  8]
 [10 15 11 12]]
Step 4:
 [[ 7  6  1  2]
 [ 9  5  3  0]
 [14 13  4  8]
 [10 15 11 12]]
Step 5:
 [[ 7  6  1  2]
 [ 9  5  0  3]
 [14 13  4  8]
 [10 15 11 12]]
Step 6:
 [[ 7  6  1  2]
 [ 9  5  4  3]
 [14 13  0  8]
 [10 15 11 12]]
Step 7:
 [[ 7  6  1  2]
 [ 9  5  4  3]
 [14 13 11  8]
 [10 15  0 12]]
Step 8:
 [[ 7  6  1  2]
 [ 9  5  4  3]
 [14 13 11  8]
 [10  0 15 12]]
Step 9:
 [[ 7  6  1  2]
 [ 9  5  4  3]
 [14 13 11  8]
 [ 0 10 15 12]]
Step 10:
 [[ 7  6  1  2]
 [ 9  5  4  3]
 [ 0 13 11  8]
 [14 10 15 12]]
Step 11:
 [[ 7  6  1  2]
 [ 9  5  4  3]
 [13  0 11  8]
 [14 10 15 12]]
Step 12:
 [[ 7  6  1  2]
 [ 9  5  4  3]
 [13 10 11  8]
 [14  0 15 12]]
Step 13:
 [[ 7  6  1  2]
 [ 9  5  4  3]
 [13 10 11  8]
 [ 0 14 15 12]]
Step 14:
 [[ 7  6  1  2]
 [ 9  5  4  3]
 [ 0 10 11  8]
 [13 14 15 12]]
Step 15:
 [[ 7  6  1  2]
 [ 0  5  4  3]
 [ 9 10 11  8]
 [13 14 15 12]]
Step 16:
 [[ 7  6  1  2]
 [ 5  0  4  3]
 [ 9 10 11  8]
 [13 14 15 12]]
Step 17:
 [[ 7  0  1  2]
 [ 5  6  4  3]
 [ 9 10 11  8]
 [13 14 15 12]]
Step 18:
 [[ 0  7  1  2]
 [ 5  6  4  3]
 [ 9 10 11  8]
 [13 14 15 12]]
Step 19:
 [[ 5  7  1  2]
 [ 0  6  4  3]
 [ 9 10 11  8]
 [13 14 15 12]]
Step 20:
 [[ 5  7  1  2]
 [ 6  0  4  3]
 [ 9 10 11  8]
 [13 14 15 12]]
Step 21:
 [[ 5  0  1  2]
 [ 6  7  4  3]
 [ 9 10 11  8]
 [13 14 15 12]]
Step 22:
 [[ 5  1  0  2]
 [ 6  7  4  3]
 [ 9 10 11  8]
 [13 14 15 12]]
Step 23:
 [[ 5  1  2  0]
 [ 6  7  4  3]
 [ 9 10 11  8]
 [13 14 15 12]]
Step 24:
 [[ 5  1  2  3]
 [ 6  7  4  0]
 [ 9 10 11  8]
 [13 14 15 12]]
Step 25:
 [[ 5  1  2  3]
 [ 6  7  0  4]
 [ 9 10 11  8]
 [13 14 15 12]]
Step 26:
 [[ 5  1  2  3]
 [ 6  0  7  4]
 [ 9 10 11  8]
 [13 14 15 12]]
Step 27:
 [[ 5  1  2  3]
 [ 0  6  7  4]
 [ 9 10 11  8]
 [13 14 15 12]]
Step 28:
 [[ 0  1  2  3]
 [ 5  6  7  4]
 [ 9 10 11  8]
 [13 14 15 12]]
Step 29:
 [[ 1  0  2  3]
 [ 5  6  7  4]
 [ 9 10 11  8]
 [13 14 15 12]]
Step 30:
 [[ 1  2  0  3]
 [ 5  6  7  4]
 [ 9 10 11  8]
 [13 14 15 12]]
Step 31:
 [[ 1  2  3  0]
 [ 5  6  7  4]
 [ 9 10 11  8]
 [13 14 15 12]]
Step 32:
 [[ 1  2  3  4]
 [ 5  6  7  0]
 [ 9 10 11  8]
 [13 14 15 12]]
Step 33:
 [[ 1  2  3  4]
 [ 5  6  7  8]
 [ 9 10 11  0]
 [13 14 15 12]]
Step 34:
 [[ 1  2  3  4]
 [ 5  6  7  8]
 [ 9 10 11 12]
 [13 14 15  0]]
Neural time 0.6540019512176514; total step: 34 
