Step 0:
 [[ 2 10  3  4]
 [ 1  9  6 12]
 [ 0 13  8  7]
 [14  5 11 15]]
Step 1:
 [[ 2 10  3  4]
 [ 1  9  6 12]
 [13  0  8  7]
 [14  5 11 15]]
Step 2:
 [[ 2 10  3  4]
 [ 1  9  6 12]
 [13  5  8  7]
 [14  0 11 15]]
Step 3:
 [[ 2 10  3  4]
 [ 1  9  6 12]
 [13  5  8  7]
 [ 0 14 11 15]]
Step 4:
 [[ 2 10  3  4]
 [ 1  9  6 12]
 [ 0  5  8  7]
 [13 14 11 15]]
Step 5:
 [[ 2 10  3  4]
 [ 1  9  6 12]
 [ 5  0  8  7]
 [13 14 11 15]]
Step 6:
 [[ 2 10  3  4]
 [ 1  0  6 12]
 [ 5  9  8  7]
 [13 14 11 15]]
Step 7:
 [[ 2  0  3  4]
 [ 1 10  6 12]
 [ 5  9  8  7]
 [13 14 11 15]]
Step 8:
 [[ 0  2  3  4]
 [ 1 10  6 12]
 [ 5  9  8  7]
 [13 14 11 15]]
Step 9:
 [[ 1  2  3  4]
 [ 0 10  6 12]
 [ 5  9  8  7]
 [13 14 11 15]]
Step 10:
 [[ 1  2  3  4]
 [ 5 10  6 12]
 [ 0  9  8  7]
 [13 14 11 15]]
Step 11:
 [[ 1  2  3  4]
 [ 5 10  6 12]
 [ 9  0  8  7]
 [13 14 11 15]]
Step 12:
 [[ 1  2  3  4]
 [ 5  0  6 12]
 [ 9 10  8  7]
 [13 14 11 15]]
Step 13:
 [[ 1  2  3  4]
 [ 5  6  0 12]
 [ 9 10  8  7]
 [13 14 11 15]]
Step 14:
 [[ 1  2  3  4]
 [ 5  6  8 12]
 [ 9 10  0  7]
 [13 14 11 15]]
Step 15:
 [[ 1  2  3  4]
 [ 5  6  8 12]
 [ 9 10  7  0]
 [13 14 11 15]]
Step 16:
 [[ 1  2  3  4]
 [ 5  6  8  0]
 [ 9 10  7 12]
 [13 14 11 15]]
Step 17:
 [[ 1  2  3  4]
 [ 5  6  0  8]
 [ 9 10  7 12]
 [13 14 11 15]]
Step 18:
 [[ 1  2  3  4]
 [ 5  6  7  8]
 [ 9 10  0 12]
 [13 14 11 15]]
Step 19:
 [[ 1  2  3  4]
 [ 5  6  7  8]
 [ 9 10 11 12]
 [13 14  0 15]]
Step 20:
 [[ 1  2  3  4]
 [ 5  6  7  8]
 [ 9 10 11 12]
 [13 14 15  0]]
Neural time 0.07692575454711914; total step: 20 
